Date,Time,Open,High,Low,Close,Volume,OpenInt
2018-03-14,14:35:00,71.07,71.16,70.75,71.01,26350,0
2018-03-14,14:40:00,70.97,71,70.72,70.9168,11834,0
2018-03-14,14:45:00,70.95,70.98,70.8,70.82,7978,0
2018-03-14,14:50:00,70.78,70.92,70.78,70.85,8810,0
2018-03-14,14:55:00,70.84,70.93,70.84,70.91,3580,0
2018-03-14,15:00:00,70.89,70.91,70.72,70.74,5100,0
2018-03-14,15:05:00,70.76,70.91,70.76,70.8725,4578,0
2018-03-14,15:10:00,70.85,70.95,70.83,70.95,5129,0
2018-03-14,15:15:00,70.93,70.93,70.68,70.68,6386,0
2018-03-14,15:20:00,70.72,70.77,70.66,70.69,6500,0
2018-03-14,15:25:00,70.685,70.81,70.685,70.79,2200,0
2018-03-14,15:30:00,70.82,70.86,70.82,70.86,1600,0
2018-03-14,15:35:00,70.84,70.9041,70.79,70.9,4632,0
2018-03-14,15:40:00,70.86,70.86,70.74,70.75,5419,0
2018-03-14,15:45:00,70.7614,70.89,70.7614,70.89,5493,0
2018-03-14,15:50:00,70.86,70.89,70.81,70.88,13019,0
2018-03-14,15:55:00,70.87,70.94,70.87,70.87,4100,0
2018-03-14,16:00:00,70.8648,70.93,70.83,70.84,4874,0
2018-03-14,16:05:00,70.85,70.89,70.73,70.86,25818,0
2018-03-14,16:10:00,70.86,70.99,70.755,70.99,61223,0
2018-03-14,16:15:00,70.98,71.02,70.855,70.9,31401,0
2018-03-14,16:20:00,70.905,70.99,70.81,70.83,20204,0
2018-03-14,16:25:00,70.81,70.81,70.72,70.77,5975,0
2018-03-14,16:30:00,70.77,70.8606,70.75,70.84,7000,0
2018-03-14,16:35:00,70.85,70.88,70.79,70.79,4401,0
2018-03-14,16:40:00,70.78,70.78,70.57,70.63,10144,0
2018-03-14,16:45:00,70.62,70.67,70.57,70.65,5394,0
2018-03-14,16:50:00,70.66,70.69,70.5,70.565,3100,0
2018-03-14,16:55:00,70.57,70.67,70.57,70.58,5259,0
2018-03-14,17:00:00,70.6,70.64,70.5,70.5,3900,0
2018-03-14,17:05:00,70.54,70.57,70.44,70.44,10536,0
2018-03-14,17:10:00,70.45,70.45,70.37,70.3856,6900,0
2018-03-14,17:15:00,70.37,70.44,70.37,70.42,7136,0
2018-03-14,17:20:00,70.43,70.51,70.42,70.48,7791,0
2018-03-14,17:25:00,70.47,70.48,70.375,70.46,6850,0
2018-03-14,17:30:00,70.45,70.47,70.38,70.42,7374,0
2018-03-14,17:35:00,70.41,70.435,70.38,70.39,5400,0
2018-03-14,17:40:00,70.38,70.51,70.36,70.46,20927,0
2018-03-14,17:45:00,70.45,70.46,70.41,70.41,3600,0
2018-03-14,17:50:00,70.41,70.45,70.33,70.34,12355,0
2018-03-14,17:55:00,70.3205,70.33,70.27,70.28,14605,0
2018-03-14,18:00:00,70.27,70.29,70.2,70.23,9855,0
2018-03-14,18:05:00,70.2,70.21,70.1,70.12,9400,0
2018-03-14,18:10:00,70.12,70.14,70.07,70.09,2950,0
2018-03-14,18:15:00,70.09,70.1,69.98,70,8100,0
2018-03-14,18:20:00,70.01,70.0901,69.9865,70.09,4878,0
2018-03-14,18:25:00,70.1,70.12,70.08,70.12,3549,0
2018-03-14,18:30:00,70.11,70.13,70.04,70.04,5491,0
2018-03-14,18:35:00,70.06,70.23,70.06,70.23,29060,0
2018-03-14,18:40:00,70.23,70.23,70.19,70.22,5600,0
2018-03-14,18:45:00,70.23,70.275,70.23,70.275,13485,0
2018-03-14,18:50:00,70.3,70.3675,70.28,70.36,22320,0
2018-03-14,18:55:00,70.36,70.42,70.355,70.37,12497,0
2018-03-14,19:00:00,70.36,70.36,70.21,70.22,11440,0
2018-03-14,19:05:00,70.23,70.25,70.09,70.1,13166,0
2018-03-14,19:10:00,70.11,70.16,70.07,70.14,9936,0
2018-03-14,19:15:00,70.14,70.14,70.045,70.08,9554,0
2018-03-14,19:20:00,70.08,70.085,70.05,70.05,4800,0
2018-03-14,19:25:00,70.03,70.09,70.01,70.07,8075,0
2018-03-14,19:30:00,70.07,70.08,70.04,70.08,3100,0
2018-03-14,19:35:00,70.08,70.11,70.07,70.1,6700,0
2018-03-14,19:40:00,70.12,70.12,69.88,69.95,10450,0
2018-03-14,19:45:00,69.94,69.97,69.79,69.79,15197,0
2018-03-14,19:50:00,69.76,69.85,69.6907,69.81,67981,0
2018-03-14,19:55:00,69.82,70.03,69.8,70,28638,0
2018-03-14,20:00:00,70,70.07,69.98,70.03,23942,0
2018-03-14,20:05:00,70.05,70.05,69.98,70.03,8343,0
2018-03-14,20:10:00,70.01,70.07,69.97,69.985,16483,0
2018-03-14,20:15:00,69.99,69.99,69.89,69.95,14507,0
2018-03-14,20:20:00,69.98,70.0954,69.91,69.945,34509,0
2018-03-14,20:25:00,69.94,69.94,69.81,69.865,39361,0
2018-03-14,20:30:00,69.86,69.88,69.81,69.82,16193,0
2018-03-14,20:35:00,69.83,69.89,69.8,69.8,22063,0
2018-03-14,20:40:00,69.82,69.91,69.82,69.87,44002,0
2018-03-14,20:45:00,69.86,69.875,69.79,69.85,25923,0
2018-03-14,20:50:00,69.86,69.9,69.83,69.85,38078,0
2018-03-14,20:55:00,69.85,69.92,69.77,69.9,35159,0
2018-03-14,21:00:00,69.9,69.95,69.86,69.92,368962,0
2018-03-15,14:35:00,70.09,70.26,70.01,70.15,33940,0
2018-03-15,14:40:00,70.22,70.27,70.09,70.215,6548,0
2018-03-15,14:45:00,70.19,70.21,70,70.08,5200,0
2018-03-15,14:50:00,70.15,70.2,70.04,70.09,4800,0
2018-03-15,14:55:00,70.14,70.15,69.97,70.02,6899,0
2018-03-15,15:00:00,70,70.16,69.98,70.03,8760,0
2018-03-15,15:05:00,70.07,70.44,70.07,70.44,33562,0
2018-03-15,15:10:00,70.43,70.48,70.26,70.28,120752,0
2018-03-15,15:15:00,70.35,70.44,70.33,70.355,66486,0
2018-03-15,15:20:00,70.3995,70.51,70.34,70.34,7790,0
2018-03-15,15:25:00,70.34,70.34,70.26,70.2801,11917,0
2018-03-15,15:30:00,70.3,70.33,70.24,70.31,16054,0
2018-03-15,15:35:00,70.3043,70.33,70.16,70.28,11153,0
2018-03-15,15:40:00,70.28,70.3,70.2,70.25,13800,0
2018-03-15,15:45:00,70.29,70.29,70.24,70.28,6715,0
2018-03-15,15:50:00,70.28,70.41,70.27,70.34,8699,0
2018-03-15,15:55:00,70.31,70.43,70.3,70.41,9897,0
2018-03-15,16:00:00,70.43,70.5,70.35,70.35,7510,0
2018-03-15,16:05:00,70.36,70.46,70.35,70.42,20191,0
2018-03-15,16:10:00,70.44,70.46,70.36,70.36,29533,0
2018-03-15,16:15:00,70.39,70.5086,70.39,70.45,11855,0
2018-03-15,16:20:00,70.44,70.445,70.34,70.38,89393,0
2018-03-15,16:25:00,70.38,70.57,70.38,70.545,21223,0
2018-03-15,16:30:00,70.55,70.62,70.53,70.61,14391,0
2018-03-15,16:35:00,70.63,70.66,70.56,70.56,16314,0
2018-03-15,16:40:00,70.56,70.65,70.55,70.62,10248,0
2018-03-15,16:45:00,70.615,70.63,70.52,70.53,7500,0
2018-03-15,16:50:00,70.52,70.55,70.49,70.49,11424,0
2018-03-15,16:55:00,70.47,70.54,70.43,70.43,7700,0
2018-03-15,17:00:00,70.41,70.48,70.39,70.48,12900,0
2018-03-15,17:05:00,70.45,70.485,70.4,70.4,6100,0
2018-03-15,17:10:00,70.41,70.43,70.39,70.39,10100,0
2018-03-15,17:15:00,70.395,70.41,70.191,70.33,29305,0
2018-03-15,17:20:00,70.31,70.32,70.25,70.3,4618,0
2018-03-15,17:25:00,70.3,70.39,70.28,70.3759,6572,0
2018-03-15,17:30:00,70.4,70.42,70.29,70.29,5953,0
2018-03-15,17:35:00,70.3,70.3206,70.23,70.26,6506,0
2018-03-15,17:40:00,70.26,70.27,70.14,70.14,5846,0
2018-03-15,17:45:00,70.15,70.221,70.15,70.22,8342,0
2018-03-15,17:50:00,70.22,70.22,70.13,70.15,4520,0
2018-03-15,17:55:00,70.15,70.22,70.14,70.15,5200,0
2018-03-15,18:00:00,70.155,70.19,70.14,70.14,9482,0
2018-03-15,18:05:00,70.145,70.17,70.105,70.13,9573,0
2018-03-15,18:10:00,70.14,70.14,70.07,70.08,5523,0
2018-03-15,18:15:00,70.08,70.14,70.05,70.1294,4800,0
2018-03-15,18:20:00,70.12,70.12,70.03,70.06,10332,0
2018-03-15,18:25:00,70.06,70.08,70.03,70.07,6263,0
2018-03-15,18:30:00,70.07,70.12,70.04,70.12,5466,0
2018-03-15,18:35:00,70.121,70.24,70.12,70.22,7801,0
2018-03-15,18:40:00,70.23,70.26,70.18,70.26,2700,0
2018-03-15,18:45:00,70.26,70.26,70.14,70.14,6336,0
2018-03-15,18:50:00,70.11,70.12,70.02,70.04,14665,0
2018-03-15,18:55:00,70.06,70.1,70.05,70.06,4055,0
2018-03-15,19:00:00,70.065,70.065,69.96,69.97,6610,0
2018-03-15,19:05:00,69.95,70.04,69.95,70.04,3200,0
2018-03-15,19:10:00,70.03,70.16,70.01,70.16,7260,0
2018-03-15,19:15:00,70.16,70.22,70.14,70.17,14992,0
2018-03-15,19:20:00,70.18,70.2,70.15,70.15,11129,0
2018-03-15,19:25:00,70.15,70.16,70.11,70.12,9375,0
2018-03-15,19:30:00,70.125,70.14,70.07,70.07,6396,0
2018-03-15,19:35:00,70.03,70.1,70.01,70.01,12208,0
2018-03-15,19:40:00,69.99,70.02,69.95,69.95,7945,0
2018-03-15,19:45:00,69.945,69.97,69.9,69.915,12934,0
2018-03-15,19:50:00,69.91,69.935,69.88,69.88,6729,0
2018-03-15,19:55:00,69.88,69.94,69.87,69.93,13969,0
2018-03-15,20:00:00,69.93,70.21,69.92,70.205,12681,0
2018-03-15,20:05:00,70.205,70.205,70.08,70.11,13519,0
2018-03-15,20:10:00,70.11,70.15,70.05,70.14,16738,0
2018-03-15,20:15:00,70.12,70.14,70.06,70.06,10800,0
2018-03-15,20:20:00,70.06,70.11,70.01,70.05,10695,0
2018-03-15,20:25:00,70.06,70.19,70.06,70.16,19038,0
2018-03-15,20:30:00,70.15,70.16,70.1,70.16,15662,0
2018-03-15,20:35:00,70.15,70.17,70.12,70.16,24562,0
2018-03-15,20:40:00,70.17,70.24,70.15,70.15,13172,0
2018-03-15,20:45:00,70.16,70.19,70.13,70.13,17158,0
2018-03-15,20:50:00,70.12,70.27,70.09,70.26,21628,0
2018-03-15,20:55:00,70.25,70.29,70.23,70.26,38755,0
2018-03-15,21:00:00,70.2501,70.3,70.18,70.18,507543,0
2018-03-16,14:35:00,69.92,70.14,69.48,69.48,279184,0
2018-03-16,14:40:00,69.49,69.69,69.05,69.24,88235,0
2018-03-16,14:45:00,69.18,69.51,69.065,69.46,71601,0
2018-03-16,14:50:00,69.49,69.55,69.42,69.53,22816,0
2018-03-16,14:55:00,69.56,69.89,69.56,69.87,21922,0
2018-03-16,15:00:00,69.87,70.13,69.85,70,11894,0
2018-03-16,15:05:00,70.05,70.14,70.02,70.02,17094,0
2018-03-16,15:10:00,70.0499,70.1,69.97,69.97,5617,0
2018-03-16,15:15:00,69.98,70.18,69.98,70.15,9019,0
2018-03-16,15:20:00,70.15,70.19,70.09,70.19,6234,0
2018-03-16,15:25:00,70.2,70.25,70.16,70.18,4140,0
2018-03-16,15:30:00,70.17,70.185,70.11,70.11,5010,0
2018-03-16,15:35:00,70.13,70.21,70.11,70.21,7001,0
2018-03-16,15:40:00,70.21,70.2298,70.11,70.175,7648,0
2018-03-16,15:45:00,70.16,70.17,70.07,70.17,13207,0
2018-03-16,15:50:00,70.17,70.27,70.17,70.2,13525,0
2018-03-16,15:55:00,70.22,70.34,70.215,70.28,9251,0
2018-03-16,16:00:00,70.27,70.27,70.18,70.2,8133,0
2018-03-16,16:05:00,70.2,70.29,70.175,70.29,5209,0
2018-03-16,16:10:00,70.29,70.3,70.2,70.2,7441,0
2018-03-16,16:15:00,70.19,70.3,70.19,70.24,7776,0
2018-03-16,16:20:00,70.24,70.3,70.19,70.2,7002,0
2018-03-16,16:25:00,70.2,70.26,70.18,70.22,5500,0
2018-03-16,16:30:00,70.2375,70.25,70.15,70.24,7661,0
2018-03-16,16:35:00,70.24,70.32,70.15,70.21,10515,0
2018-03-16,16:40:00,70.235,70.235,70.13,70.22,9373,0
2018-03-16,16:45:00,70.22,70.22,70.1,70.12,4900,0
2018-03-16,16:50:00,70.1,70.23,70.1,70.21,9908,0
2018-03-16,16:55:00,70.22,70.24,70.065,70.1,8612,0
2018-03-16,17:00:00,70.11,70.11,70,70.01,10455,0
2018-03-16,17:05:00,70.02,70.05,69.9975,70.02,7893,0
2018-03-16,17:10:00,70.01,70.02,69.92,69.99,7506,0
2018-03-16,17:15:00,70.03,70.03,69.93,69.99,6468,0
2018-03-16,17:20:00,69.99,70.03,69.98,69.99,10189,0
2018-03-16,17:25:00,70,70.01,69.97,70,10283,0
2018-03-16,17:30:00,70,70.02,69.96,69.97,7813,0
2018-03-16,17:35:00,69.96,70,69.93,70,29642,0
2018-03-16,17:40:00,70.01,70.06,69.99,69.99,10552,0
2018-03-16,17:45:00,70,70.02,69.94,69.99,4356,0
2018-03-16,17:50:00,70,70.03,69.99,70.03,8982,0
2018-03-16,17:55:00,70.0285,70.0285,69.94,69.98,19215,0
2018-03-16,18:00:00,69.98,70.01,69.97,69.98,6422,0
2018-03-16,18:05:00,69.99,70.037,69.99,69.99,4447,0
2018-03-16,18:10:00,70.01,70.01,69.87,69.9,9078,0
2018-03-16,18:15:00,69.9,69.95,69.9,69.95,3731,0
2018-03-16,18:20:00,69.94,69.94,69.865,69.91,7900,0
2018-03-16,18:25:00,69.88,69.93,69.87,69.87,6267,0
2018-03-16,18:30:00,69.88,69.8999,69.84,69.84,6938,0
2018-03-16,18:35:00,69.84,69.89,69.8373,69.88,28832,0
2018-03-16,18:40:00,69.89,69.96,69.89,69.94,5703,0
2018-03-16,18:45:00,69.94,69.95,69.85,69.855,7793,0
2018-03-16,18:50:00,69.84,69.89,69.815,69.84,5267,0
2018-03-16,18:55:00,69.85,69.917,69.85,69.895,5045,0
2018-03-16,19:00:00,69.89,69.92,69.88,69.88,6629,0
2018-03-16,19:05:00,69.89,69.95,69.89,69.93,19242,0
2018-03-16,19:10:00,69.93,69.95,69.91,69.91,20920,0
2018-03-16,19:15:00,69.92,69.94,69.85,69.86,6477,0
2018-03-16,19:20:00,69.87,69.91,69.87,69.89,5075,0
2018-03-16,19:25:00,69.9,69.93,69.9,69.905,10200,0
2018-03-16,19:30:00,69.905,69.95,69.9,69.925,10615,0
2018-03-16,19:35:00,69.94,69.94,69.885,69.9,7900,0
2018-03-16,19:40:00,69.9,69.94,69.7,69.745,54547,0
2018-03-16,19:45:00,69.755,69.94,69.755,69.915,21369,0
2018-03-16,19:50:00,69.92,69.93,69.875,69.91,19429,0
2018-03-16,19:55:00,69.91,69.93,69.871,69.89,10924,0
2018-03-16,20:00:00,69.9,69.9,69.86,69.89,6204,0
2018-03-16,20:05:00,69.88,69.9,69.855,69.86,11212,0
2018-03-16,20:10:00,69.87,69.88,69.82,69.84,15268,0
2018-03-16,20:15:00,69.84,69.85,69.825,69.84,11278,0
2018-03-16,20:20:00,69.84,69.84,69.81,69.82,24151,0
2018-03-16,20:25:00,69.82,69.83,69.79,69.82,19185,0
2018-03-16,20:30:00,69.82,69.87,69.81,69.85,35342,0
2018-03-16,20:35:00,69.84,70.02,69.84,70.01,30270,0
2018-03-16,20:40:00,70.01,70.03,69.98,69.995,45743,0
2018-03-16,20:45:00,70,70.01,69.98,69.99,42511,0
2018-03-16,20:50:00,70,70.02,69.985,70.01,75076,0
2018-03-16,20:55:00,70.02,70.05,69.99,70,72359,0
2018-03-16,21:00:00,69.99,70.02,69.87,69.9,1245495,0
2018-03-19,14:35:00,69.79,69.94,69.71,69.94,49512,0
2018-03-19,14:40:00,69.94,70.22,69.86,70.2,12725,0
2018-03-19,14:45:00,70.18,70.18,70.06,70.09,4343,0
2018-03-19,14:50:00,70.04,70.24,70.04,70.17,6741,0
2018-03-19,14:55:00,70.18,70.25,70.13,70.22,13823,0
2018-03-19,15:00:00,70.24,70.24,70.09,70.16,20005,0
2018-03-19,15:05:00,70.15,70.27,70.13,70.24,12577,0
2018-03-19,15:10:00,70.25,70.3,70.22,70.25,7378,0
2018-03-19,15:15:00,70.23,70.29,70.18,70.26,16952,0
2018-03-19,15:20:00,70.25,70.26,70.18,70.26,27192,0
2018-03-19,15:25:00,70.27,70.3,70.09,70.13,36003,0
2018-03-19,15:30:00,70.14,70.21,70.135,70.19,12476,0
2018-03-19,15:35:00,70.206,70.31,70.18,70.18,13063,0
2018-03-19,15:40:00,70.18,70.25,70.17,70.23,28146,0
2018-03-19,15:45:00,70.22,70.24,70.1,70.1,13583,0
2018-03-19,15:50:00,70.1,70.145,69.96,69.96,11197,0
2018-03-19,15:55:00,69.96,69.96,69.8,69.88,18685,0
2018-03-19,16:00:00,69.89,69.89,69.77,69.82,9003,0
2018-03-19,16:05:00,69.82,69.83,69.75,69.8,6730,0
2018-03-19,16:10:00,69.8,69.9,69.8,69.88,7829,0
2018-03-19,16:15:00,69.89,69.9,69.78,69.8,13680,0
2018-03-19,16:20:00,69.78,69.81,69.75,69.8,6749,0
2018-03-19,16:25:00,69.79,69.825,69.77,69.8,8709,0
2018-03-19,16:30:00,69.82,69.85,69.75,69.77,19668,0
2018-03-19,16:35:00,69.78,69.78,69.64,69.67,30045,0
2018-03-19,16:40:00,69.67,69.75,69.67,69.69,35640,0
2018-03-19,16:45:00,69.69,69.71,69.65,69.665,9418,0
2018-03-19,16:50:00,69.68,69.7,69.63,69.64,13950,0
2018-03-19,16:55:00,69.6,69.64,69.57,69.6,10533,0
2018-03-19,17:00:00,69.61,69.62,69.47,69.54,27633,0
2018-03-19,17:05:00,69.57,69.59,69.48,69.54,48194,0
2018-03-19,17:10:00,69.56,69.61,69.5,69.605,98664,0
2018-03-19,17:15:00,69.585,69.61,69.535,69.545,15740,0
2018-03-19,17:20:00,69.52,69.565,69.47,69.51,10381,0
2018-03-19,17:25:00,69.515,69.59,69.47,69.59,6600,0
2018-03-19,17:30:00,69.59,69.64,69.55,69.6,19937,0
2018-03-19,17:35:00,69.63,69.63,69.53,69.565,9476,0
2018-03-19,17:40:00,69.59,69.6,69.53,69.55,10760,0
2018-03-19,17:45:00,69.53,69.53,69.445,69.445,7600,0
2018-03-19,17:50:00,69.42,69.42,69.35,69.36,5886,0
2018-03-19,17:55:00,69.345,69.5,69.345,69.5,8355,0
2018-03-19,18:00:00,69.5,69.53,69.48,69.48,11176,0
2018-03-19,18:05:00,69.49,69.52,69.44,69.44,16830,0
2018-03-19,18:10:00,69.46,69.49,69.34,69.37,51214,0
2018-03-19,18:15:00,69.3576,69.38,69.31,69.37,29395,0
2018-03-19,18:20:00,69.36,69.48,69.34,69.45,13361,0
2018-03-19,18:25:00,69.455,69.455,69.36,69.415,8035,0
2018-03-19,18:30:00,69.43,69.43,69.33,69.38,10590,0
2018-03-19,18:35:00,69.39,69.45,69.32,69.37,15556,0
2018-03-19,18:40:00,69.35,69.47,69.33,69.44,14927,0
2018-03-19,18:45:00,69.45,69.465,69.35,69.41,8494,0
2018-03-19,18:50:00,69.45,69.47,69.41,69.43,7919,0
2018-03-19,18:55:00,69.44,69.46,69.395,69.4,13884,0
2018-03-19,19:00:00,69.38,69.45,69.36,69.44,7954,0
2018-03-19,19:05:00,69.45,69.48,69.44,69.46,19409,0
2018-03-19,19:10:00,69.46,69.46,69.4,69.41,8730,0
2018-03-19,19:15:00,69.39,69.425,69.37,69.41,10659,0
2018-03-19,19:20:00,69.4,69.41,69.34,69.35,9799,0
2018-03-19,19:25:00,69.34,69.36,69.285,69.3,8593,0
2018-03-19,19:30:00,69.3,69.41,69.3,69.3974,9546,0
2018-03-19,19:35:00,69.39,69.395,69.32,69.32,43053,0
2018-03-19,19:40:00,69.32,69.33,69.14,69.16,15570,0
2018-03-19,19:45:00,69.16,69.16,69.06,69.13,24666,0
2018-03-19,19:50:00,69.13,69.19,69.08,69.08,20400,0
2018-03-19,19:55:00,69.08,69.2,69.06,69.17,16643,0
2018-03-19,20:00:00,69.19,69.26,69.18,69.19,11966,0
2018-03-19,20:05:00,69.17,69.19,69.11,69.18,25656,0
2018-03-19,20:10:00,69.17,69.27,69.15,69.2,67781,0
2018-03-19,20:15:00,69.2,69.24,69.17,69.2,24631,0
2018-03-19,20:20:00,69.19,69.41,69.19,69.41,169398,0
2018-03-19,20:25:00,69.41,69.47,69.28,69.28,14634,0
2018-03-19,20:30:00,69.28,69.3,69.2,69.21,21276,0
2018-03-19,20:35:00,69.21,69.23,69.16,69.17,19980,0
2018-03-19,20:40:00,69.17,69.27,69.14,69.26,65579,0
2018-03-19,20:45:00,69.26,69.32,69.22,69.26,54207,0
2018-03-19,20:50:00,69.25,69.39,69.23,69.29,72766,0
2018-03-19,20:55:00,69.29,69.34,69.25,69.33,70048,0
2018-03-19,21:00:00,69.33,69.43,69.33,69.34,418422,0
2018-03-20,14:35:00,69.77,69.88,69.56,69.86,151862,0
2018-03-20,14:40:00,69.79,69.81,69.66,69.81,3015,0
2018-03-20,14:45:00,69.88,70.01,69.83,69.965,4400,0
2018-03-20,14:50:00,70.07,70.07,69.96,69.99,11327,0
2018-03-20,14:55:00,70.01,70.03,69.84,69.925,34788,0
2018-03-20,15:00:00,69.925,69.95,69.56,69.68,23003,0
2018-03-20,15:05:00,69.68,69.82,69.68,69.74,21700,0
2018-03-20,15:10:00,69.75,69.75,69.59,69.6191,30727,0
2018-03-20,15:15:00,69.61,69.61,69.45,69.51,10202,0
2018-03-20,15:20:00,69.49,69.61,69.46,69.61,9320,0
2018-03-20,15:25:00,69.59,69.71,69.59,69.68,6686,0
2018-03-20,15:30:00,69.68,69.73,69.585,69.7,8035,0
2018-03-20,15:35:00,69.72,69.72,69.62,69.64,10627,0
2018-03-20,15:40:00,69.63,69.7,69.63,69.69,11582,0
2018-03-20,15:45:00,69.68,69.71,69.59,69.61,6923,0
2018-03-20,15:50:00,69.61,69.6816,69.61,69.65,6905,0
2018-03-20,15:55:00,69.62,69.7,69.62,69.7,7927,0
2018-03-20,16:00:00,69.68,69.71,69.66,69.7,7215,0
2018-03-20,16:05:00,69.71,69.72,69.58,69.58,16026,0
2018-03-20,16:10:00,69.58,69.63,69.56,69.6,9301,0
2018-03-20,16:15:00,69.6,69.67,69.57,69.59,6309,0
2018-03-20,16:20:00,69.58,69.65,69.57,69.6,10385,0
2018-03-20,16:25:00,69.62,69.665,69.61,69.62,12645,0
2018-03-20,16:30:00,69.62,69.65,69.601,69.63,7829,0
2018-03-20,16:35:00,69.62,69.63,69.58,69.61,4820,0
2018-03-20,16:40:00,69.61,69.63,69.61,69.63,3378,0
2018-03-20,16:45:00,69.62,69.62,69.56,69.57,5642,0
2018-03-20,16:50:00,69.59,69.615,69.48,69.52,6787,0
2018-03-20,16:55:00,69.53,69.53,69.46,69.465,5458,0
2018-03-20,17:00:00,69.5,69.63,69.5,69.62,6700,0
2018-03-20,17:05:00,69.61,69.65,69.6,69.63,4200,0
2018-03-20,17:10:00,69.64,69.64,69.59,69.59,7100,0
2018-03-20,17:15:00,69.59,69.65,69.59,69.63,11063,0
2018-03-20,17:20:00,69.64,69.64,69.61,69.62,5043,0
2018-03-20,17:25:00,69.61,69.64,69.6,69.63,6742,0
2018-03-20,17:30:00,69.635,69.65,69.61,69.62,11416,0
2018-03-20,17:35:00,69.62,69.63,69.59,69.595,16386,0
2018-03-20,17:40:00,69.595,69.595,69.52,69.52,10203,0
2018-03-20,17:45:00,69.53,69.6,69.53,69.58,2707,0
2018-03-20,17:50:00,69.57,69.6,69.54,69.6,5000,0
2018-03-20,17:55:00,69.6,69.62,69.53,69.57,5125,0
2018-03-20,18:00:00,69.58,69.63,69.58,69.6,5816,0
2018-03-20,18:05:00,69.61,69.64,69.6,69.6,3430,0
2018-03-20,18:10:00,69.61,69.64,69.59,69.6,6848,0
2018-03-20,18:15:00,69.61,69.61,69.56,69.56,4592,0
2018-03-20,18:20:00,69.56,69.57,69.54,69.54,4352,0
2018-03-20,18:25:00,69.54,69.55,69.51,69.5101,4591,0
2018-03-20,18:30:00,69.52,69.54,69.5,69.54,10339,0
2018-03-20,18:35:00,69.53,69.64,69.51,69.5401,11449,0
2018-03-20,18:40:00,69.54,69.59,69.52,69.57,10748,0
2018-03-20,18:45:00,69.58,69.58,69.51,69.52,7379,0
2018-03-20,18:50:00,69.51,69.55,69.5,69.54,6480,0
2018-03-20,18:55:00,69.54,69.55,69.51,69.51,6952,0
2018-03-20,19:00:00,69.52,69.53,69.48,69.48,12856,0
2018-03-20,19:05:00,69.5,69.55,69.45,69.51,22141,0
2018-03-20,19:10:00,69.54,69.56,69.51,69.53,15056,0
2018-03-20,19:15:00,69.54,69.56,69.51,69.54,9131,0
2018-03-20,19:20:00,69.53,69.62,69.53,69.61,5600,0
2018-03-20,19:25:00,69.61,69.63,69.6,69.61,11747,0
2018-03-20,19:30:00,69.6,69.61,69.58,69.59,7926,0
2018-03-20,19:35:00,69.59,69.62,69.59,69.6,7675,0
2018-03-20,19:40:00,69.61,69.61,69.59,69.6,10419,0
2018-03-20,19:45:00,69.6,69.66,69.58,69.655,474786,0
2018-03-20,19:50:00,69.65,69.82,69.63,69.785,192805,0
2018-03-20,19:55:00,69.785,69.83,69.78,69.815,43373,0
2018-03-20,20:00:00,69.83,69.96,69.82,69.96,29671,0
2018-03-20,20:05:00,69.95,70.02,69.93,70.0045,42897,0
2018-03-20,20:10:00,70.005,70.015,69.94,69.96,82151,0
2018-03-20,20:15:00,69.96,70.03,69.82,70.02,64636,0
2018-03-20,20:20:00,70.015,70.03,69.95,69.95,17920,0
2018-03-20,20:25:00,69.95,69.99,69.9,69.9,20066,0
2018-03-20,20:30:00,69.9,69.91,69.82,69.83,19477,0
2018-03-20,20:35:00,69.82,69.9,69.815,69.89,20512,0
2018-03-20,20:40:00,69.9,69.9,69.77,69.85,28497,0
2018-03-20,20:45:00,69.84,69.88,69.83,69.85,18284,0
2018-03-20,20:50:00,69.85,69.91,69.83,69.88,36462,0
2018-03-20,20:55:00,69.88,69.92,69.85,69.91,35977,0
2018-03-20,21:00:00,69.905,69.905,69.82,69.85,237288,0
2018-03-21,14:35:00,69.88,70.05,69.81,69.87,19662,0
2018-03-21,14:40:00,69.85,69.86,69.68,69.71,9800,0
2018-03-21,14:45:00,69.72,69.92,69.715,69.9,55600,0
2018-03-21,14:50:00,69.9,69.99,69.84,69.86,12508,0
2018-03-21,14:55:00,69.86,69.94,69.83,69.94,30600,0
2018-03-21,15:00:00,69.95,69.98,69.91,69.94,6853,0
2018-03-21,15:05:00,69.94,69.97,69.82,69.97,6141,0
2018-03-21,15:10:00,69.98,70,69.94,69.94,10902,0
2018-03-21,15:15:00,69.98,69.98,69.88,69.88,4200,0
2018-03-21,15:20:00,69.89,69.91,69.85,69.8701,5231,0
2018-03-21,15:25:00,69.87,69.9,69.82,69.84,8086,0
2018-03-21,15:30:00,69.85,69.85,69.69,69.77,10852,0
2018-03-21,15:35:00,69.79,69.79,69.73,69.74,6766,0
2018-03-21,15:40:00,69.73,69.82,69.72,69.82,3892,0
2018-03-21,15:45:00,69.82,69.91,69.79,69.91,19855,0
2018-03-21,15:50:00,69.92,69.96,69.9,69.92,7370,0
2018-03-21,15:55:00,69.93,69.99,69.92,69.94,6420,0
2018-03-21,16:00:00,69.97,70,69.94,69.94,68627,0
2018-03-21,16:05:00,69.95,69.96,69.83,69.85,8232,0
2018-03-21,16:10:00,69.85,69.92,69.84,69.9,6638,0
2018-03-21,16:15:00,69.91,69.91,69.84,69.85,8527,0
2018-03-21,16:20:00,69.87,69.91,69.87,69.9,4047,0
2018-03-21,16:25:00,69.895,69.94,69.88,69.9238,4687,0
2018-03-21,16:30:00,69.91,69.91,69.78,69.81,9100,0
2018-03-21,16:35:00,69.83,69.91,69.825,69.909,5100,0
2018-03-21,16:40:00,69.9,69.93,69.88,69.9276,4593,0
2018-03-21,16:45:00,69.93,69.96,69.92,69.92,2100,0
2018-03-21,16:50:00,69.95,69.98,69.94,69.98,4100,0
2018-03-21,16:55:00,69.9748,70,69.91,69.94,52331,0
2018-03-21,17:00:00,69.96,69.99,69.79,69.86,35556,0
2018-03-21,17:05:00,69.86,69.9,69.78,69.85,20002,0
2018-03-21,17:10:00,69.86,69.875,69.68,69.83,23220,0
2018-03-21,17:15:00,69.85,69.87,69.79,69.82,8500,0
2018-03-21,17:20:00,69.85,69.86,69.79,69.825,7597,0
2018-03-21,17:25:00,69.82,69.84,69.81,69.84,1400,0
2018-03-21,17:30:00,69.83,69.84,69.78,69.83,12500,0
2018-03-21,17:35:00,69.83,69.83,69.78,69.78,4600,0
2018-03-21,17:40:00,69.79,69.825,69.78,69.81,7576,0
2018-03-21,17:45:00,69.82,69.83,69.78,69.81,6693,0
2018-03-21,17:50:00,69.8,69.855,69.79,69.83,11600,0
2018-03-21,17:55:00,69.82,69.85,69.79,69.805,5900,0
2018-03-21,18:00:00,69.79,69.8,69.77,69.78,2200,0
2018-03-21,18:05:00,69.79,69.81,69.77,69.79,5323,0
2018-03-21,18:10:00,69.79,69.8,69.76,69.76,8688,0
2018-03-21,18:15:00,69.77,69.8,69.76,69.79,4386,0
2018-03-21,18:20:00,69.77,69.8,69.76,69.79,3300,0
2018-03-21,18:25:00,69.77,69.78,69.71,69.76,6398,0
2018-03-21,18:30:00,69.76,69.8,69.76,69.79,3300,0
2018-03-21,18:35:00,69.78,69.81,69.77,69.81,4069,0
2018-03-21,18:40:00,69.8,69.82,69.73,69.74,6600,0
2018-03-21,18:45:00,69.74,69.74,69.67,69.67,4600,0
2018-03-21,18:50:00,69.7,69.76,69.7,69.74,5900,0
2018-03-21,18:55:00,69.73,69.79,69.72,69.78,5500,0
2018-03-21,19:00:00,69.76,69.82,69.75,69.76,6128,0
2018-03-21,19:05:00,69.76,70.09,69.49,69.6,195465,0
2018-03-21,19:10:00,69.675,69.89,69.6335,69.8827,8109,0
2018-03-21,19:15:00,69.885,69.93,69.83,69.9,9100,0
2018-03-21,19:20:00,69.92,69.995,69.78,69.795,60140,0
2018-03-21,19:25:00,69.82,69.85,69.75,69.76,18595,0
2018-03-21,19:30:00,69.75,69.77,69.67,69.72,10403,0
2018-03-21,19:35:00,69.74,69.74,69.6,69.7,7000,0
2018-03-21,19:40:00,69.69,69.69,69.52,69.52,10838,0
2018-03-21,19:45:00,69.55,69.65,69.51,69.61,6877,0
2018-03-21,19:50:00,69.61,69.61,69.48,69.5,8057,0
2018-03-21,19:55:00,69.47,69.47,69.36,69.45,6814,0
2018-03-21,20:00:00,69.48,69.5,69.42,69.48,3100,0
2018-03-21,20:05:00,69.48,69.62,69.47,69.61,6758,0
2018-03-21,20:10:00,69.61,69.64,69.5,69.61,6803,0
2018-03-21,20:15:00,69.62,69.83,69.5801,69.83,9065,0
2018-03-21,20:20:00,69.82,69.825,69.72,69.77,13455,0
2018-03-21,20:25:00,69.77,69.83,69.75,69.8,16755,0
2018-03-21,20:30:00,69.81,69.81,69.65,69.68,13273,0
2018-03-21,20:35:00,69.67,69.7,69.63,69.64,14038,0
2018-03-21,20:40:00,69.65,69.72,69.64,69.68,54645,0
2018-03-21,20:45:00,69.66,69.7,69.61,69.61,17150,0
2018-03-21,20:50:00,69.6,69.67,69.58,69.645,26260,0
2018-03-21,20:55:00,69.64,69.64,69.5,69.53,37439,0
2018-03-21,21:00:00,69.54,69.57,69.4,69.4,173790,0
2018-03-22,14:35:00,68.7,68.99,68.66,68.675,44685,0
2018-03-22,14:40:00,68.71,68.77,68.58,68.74,11919,0
2018-03-22,14:45:00,68.72,68.79,68.68,68.68,11315,0
2018-03-22,14:50:00,68.74,68.78,68.66,68.76,7119,0
2018-03-22,14:55:00,68.78,68.82,68.715,68.775,14285,0
2018-03-22,15:00:00,68.75,68.86,68.75,68.8,7717,0
2018-03-22,15:05:00,68.82,68.96,68.77,68.92,61515,0
2018-03-22,15:10:00,68.93,69.02,68.84,68.98,37136,0
2018-03-22,15:15:00,69.02,69.2,68.99,69.19,6800,0
2018-03-22,15:20:00,69.17,69.19,69.07,69.12,8385,0
2018-03-22,15:25:00,69.12,69.13,69.08,69.13,5000,0
2018-03-22,15:30:00,69.13,69.17,69.03,69.04,8197,0
2018-03-22,15:35:00,69.03,69.03,68.92,68.96,7415,0
2018-03-22,15:40:00,68.95,68.96,68.9,68.93,7455,0
2018-03-22,15:45:00,68.92,68.93,68.81,68.84,6264,0
2018-03-22,15:50:00,68.85,68.85,68.74,68.8,13204,0
2018-03-22,15:55:00,68.78,68.8,68.72,68.78,9911,0
2018-03-22,16:00:00,68.75,68.75,68.58,68.65,12123,0
2018-03-22,16:05:00,68.66,68.8,68.64,68.76,11094,0
2018-03-22,16:10:00,68.77,68.79,68.7,68.74,11001,0
2018-03-22,16:15:00,68.75,68.79,68.71,68.73,13753,0
2018-03-22,16:20:00,68.72,68.8,68.71,68.78,10501,0
2018-03-22,16:25:00,68.78,68.79,68.66,68.72,13265,0
2018-03-22,16:30:00,68.71,68.72,68.64,68.71,6850,0
2018-03-22,16:35:00,68.71,68.73,68.57,68.585,10465,0
2018-03-22,16:40:00,68.6,68.6,68.49,68.49,7673,0
2018-03-22,16:45:00,68.48,68.49,68.33,68.43,9340,0
2018-03-22,16:50:00,68.43,68.51,68.32,68.465,9389,0
2018-03-22,16:55:00,68.48,68.62,68.43,68.61,19835,0
2018-03-22,17:00:00,68.61,68.64,68.48,68.48,11253,0
2018-03-22,17:05:00,68.47,68.47,68.32,68.39,12566,0
2018-03-22,17:10:00,68.41,68.495,68.38,68.44,8154,0
2018-03-22,17:15:00,68.44,68.46,68.36,68.36,8161,0
2018-03-22,17:20:00,68.36,68.59,68.32,68.515,13089,0
2018-03-22,17:25:00,68.53,68.66,68.53,68.57,14668,0
2018-03-22,17:30:00,68.58,68.8,68.55,68.765,42320,0
2018-03-22,17:35:00,68.86,68.9,68.81,68.83,9790,0
2018-03-22,17:40:00,68.87,68.9,68.81,68.81,7200,0
2018-03-22,17:45:00,68.81,68.81,68.72,68.72,16056,0
2018-03-22,17:50:00,68.73,68.73,68.66,68.665,13147,0
2018-03-22,17:55:00,68.68,68.77,68.65,68.69,5741,0
2018-03-22,18:00:00,68.7,68.7,68.61,68.66,5975,0
2018-03-22,18:05:00,68.65,68.65,68.4,68.45,9850,0
2018-03-22,18:10:00,68.45,68.52,68.4,68.48,8260,0
2018-03-22,18:15:00,68.49,68.57,68.43,68.57,4600,0
2018-03-22,18:20:00,68.58,68.64,68.57,68.61,5700,0
2018-03-22,18:25:00,68.61,68.8,68.58,68.8,5496,0
2018-03-22,18:30:00,68.83,68.98,68.8,68.96,7500,0
2018-03-22,18:35:00,68.97,68.99,68.87,68.9,5902,0
2018-03-22,18:40:00,68.91,68.98,68.89,68.93,4829,0
2018-03-22,18:45:00,68.94,68.955,68.88,68.92,5700,0
2018-03-22,18:50:00,68.94,69,68.88,68.9,10593,0
2018-03-22,18:55:00,68.9,68.91,68.82,68.82,8076,0
2018-03-22,19:00:00,68.8,68.83,68.77,68.81,7209,0
2018-03-22,19:05:00,68.795,68.8,68.69,68.73,8812,0
2018-03-22,19:10:00,68.71,68.74,68.64,68.64,5400,0
2018-03-22,19:15:00,68.6,68.65,68.56,68.64,10833,0
2018-03-22,19:20:00,68.62,68.65,68.6,68.61,7799,0
2018-03-22,19:25:00,68.59,68.59,68.43,68.43,10634,0
2018-03-22,19:30:00,68.4447,68.48,68.36,68.36,10990,0
2018-03-22,19:35:00,68.35,68.395,68.27,68.38,9385,0
2018-03-22,19:40:00,68.39,68.45,68.35,68.45,7213,0
2018-03-22,19:45:00,68.45,68.49,68.41,68.43,7869,0
2018-03-22,19:50:00,68.44,68.54,68.39,68.4797,14813,0
2018-03-22,19:55:00,68.48,68.5,68.41,68.41,7800,0
2018-03-22,20:00:00,68.39,68.39,68.23,68.27,11957,0
2018-03-22,20:05:00,68.26,68.46,68.24,68.39,31183,0
2018-03-22,20:10:00,68.38,68.4,68.25,68.26,12718,0
2018-03-22,20:15:00,68.27,68.31,68.13,68.22,19640,0
2018-03-22,20:20:00,68.2,68.21,68.01,68.04,18189,0
2018-03-22,20:25:00,68.03,68.22,68.03,68.16,15538,0
2018-03-22,20:30:00,68.17,68.17,68.03,68.03,21189,0
2018-03-22,20:35:00,68,68.02,67.91,67.96,35464,0
2018-03-22,20:40:00,67.96,67.97,67.78,67.78,23405,0
2018-03-22,20:45:00,67.77,67.78,67.7,67.72,26759,0
2018-03-22,20:50:00,67.71,67.71,67.33,67.515,74734,0
2018-03-22,20:55:00,67.5,67.65,67.48,67.54,64785,0
2018-03-22,21:00:00,67.54,67.63,67.43,67.47,275610,0
2018-03-23,14:35:00,67.58,68.15,67.32,67.98,41656,0
2018-03-23,14:40:00,67.95,68.03,67.81,67.86,73802,0
2018-03-23,14:45:00,67.88,68.02,67.8032,67.9,51601,0
2018-03-23,14:50:00,67.92,67.94,67.74,67.79,72875,0
2018-03-23,14:55:00,67.79,68.01,67.71,67.93,44955,0
2018-03-23,15:00:00,67.97,67.98,67.87,67.93,6500,0
2018-03-23,15:05:00,67.93,68.02,67.9,67.92,8277,0
2018-03-23,15:10:00,67.94,67.94,67.76,67.92,9462,0
2018-03-23,15:15:00,67.91,67.95,67.76,67.81,9902,0
2018-03-23,15:20:00,67.83,67.88,67.6,67.62,11660,0
2018-03-23,15:25:00,67.61,67.75,67.5645,67.72,13739,0
2018-03-23,15:30:00,67.74,67.8,67.72,67.72,8103,0
2018-03-23,15:35:00,67.715,67.84,67.7,67.81,11440,0
2018-03-23,15:40:00,67.81,67.81,67.66,67.67,13640,0
2018-03-23,15:45:00,67.68,67.75,67.62,67.68,13768,0
2018-03-23,15:50:00,67.69,67.77,67.67,67.69,12688,0
2018-03-23,15:55:00,67.68,67.8,67.61,67.75,11700,0
2018-03-23,16:00:00,67.76,67.81,67.74,67.79,9036,0
2018-03-23,16:05:00,67.79,67.81,67.7,67.75,13226,0
2018-03-23,16:10:00,67.75,67.755,67.68,67.7,8758,0
2018-03-23,16:15:00,67.68,67.68,67.485,67.515,6105,0
2018-03-23,16:20:00,67.53,67.56,67.49,67.53,10135,0
2018-03-23,16:25:00,67.52,67.55,67.43,67.45,10197,0
2018-03-23,16:30:00,67.45,67.52,67.43,67.46,11345,0
2018-03-23,16:35:00,67.44,67.47,67.41,67.43,7685,0
2018-03-23,16:40:00,67.41,67.52,67.38,67.39,12460,0
2018-03-23,16:45:00,67.355,67.45,67.33,67.385,31608,0
2018-03-23,16:50:00,67.385,67.4,67.32,67.32,7797,0
2018-03-23,16:55:00,67.31,67.31,67.19,67.28,10484,0
2018-03-23,17:00:00,67.28,67.33,67.23,67.23,9298,0
2018-03-23,17:05:00,67.28,67.32,67.23,67.285,6514,0
2018-03-23,17:10:00,67.25,67.29,67.23,67.27,5000,0
2018-03-23,17:15:00,67.28,67.29,67.2,67.26,7579,0
2018-03-23,17:20:00,67.28,67.28,67.15,67.16,4410,0
2018-03-23,17:25:00,67.15,67.26,67.14,67.24,5644,0
2018-03-23,17:30:00,67.27,67.4,67.27,67.37,5355,0
2018-03-23,17:35:00,67.37,67.4,67.32,67.33,5299,0
2018-03-23,17:40:00,67.33,67.33,67.23,67.23,6131,0
2018-03-23,17:45:00,67.26,67.27,67.17,67.21,8416,0
2018-03-23,17:50:00,67.22,67.29,67.21,67.24,3700,0
2018-03-23,17:55:00,67.23,67.33,67.23,67.26,7019,0
2018-03-23,18:00:00,67.27,67.32,67.24,67.27,5600,0
2018-03-23,18:05:00,67.27,67.4,67.24,67.38,4600,0
2018-03-23,18:10:00,67.34,67.45,67.34,67.44,7270,0
2018-03-23,18:15:00,67.48,67.52,67.46,67.46,3000,0
2018-03-23,18:20:00,67.48,67.52,67.44,67.46,3000,0
2018-03-23,18:25:00,67.48,67.57,67.43,67.54,3100,0
2018-03-23,18:30:00,67.55,67.56,67.45,67.5,5300,0
2018-03-23,18:35:00,67.55,67.59,67.43,67.43,3314,0
2018-03-23,18:40:00,67.42,67.48,67.36,67.39,5100,0
2018-03-23,18:45:00,67.37,67.39,67.3,67.32,7658,0
2018-03-23,18:50:00,67.33,67.46,67.33,67.46,5509,0
2018-03-23,18:55:00,67.46,67.61,67.46,67.61,2900,0
2018-03-23,19:00:00,67.59,67.61,67.55,67.59,7312,0
2018-03-23,19:05:00,67.59,67.69,67.59,67.65,21287,0
2018-03-23,19:10:00,67.65,67.68,67.64,67.67,26821,0
2018-03-23,19:15:00,67.65,67.66,67.49,67.49,16634,0
2018-03-23,19:20:00,67.48,67.51,67.39,67.43,8485,0
2018-03-23,19:25:00,67.41,67.457,67.37,67.42,3226,0
2018-03-23,19:30:00,67.415,67.415,67.3,67.37,6278,0
2018-03-23,19:35:00,67.36,67.38,67.32,67.33,6256,0
2018-03-23,19:40:00,67.34,67.37,67.3,67.36,8959,0
2018-03-23,19:45:00,67.36,67.42,67.29,67.31,9245,0
2018-03-23,19:50:00,67.31,67.31,67.115,67.14,15270,0
2018-03-23,19:55:00,67.15,67.15,67.03,67.1,8316,0
2018-03-23,20:00:00,67.07,67.08,66.735,66.77,16915,0
2018-03-23,20:05:00,66.76,66.82,66.65,66.655,18735,0
2018-03-23,20:10:00,66.62,66.74,66.5029,66.53,19591,0
2018-03-23,20:15:00,66.52,66.68,66.49,66.65,15781,0
2018-03-23,20:20:00,66.66,66.79,66.65,66.68,16053,0
2018-03-23,20:25:00,66.66,66.67,66.43,66.43,16882,0
2018-03-23,20:30:00,66.43,66.56,66.43,66.51,14189,0
2018-03-23,20:35:00,66.48,66.48,66.38,66.4,26192,0
2018-03-23,20:40:00,66.4,66.4,66.19,66.25,29464,0
2018-03-23,20:45:00,66.25,66.35,66.13,66.14,39042,0
2018-03-23,20:50:00,66.12,66.16,66.04,66.08,42319,0
2018-03-23,20:55:00,66.09,66.09,65.94,65.99,60921,0
2018-03-23,21:00:00,65.97,66.13,65.96,66.06,247478,0
2018-03-26,15:35:00,67.2,67.539,67.07,67.36,39813,0
2018-03-26,15:40:00,67.37,67.53,67.25,67.51,17523,0
2018-03-26,15:45:00,67.55,67.77,67.465,67.6,74586,0
2018-03-26,15:50:00,67.6,67.7,67.57,67.63,24447,0
2018-03-26,15:55:00,67.61,67.68,67.43,67.47,50034,0
2018-03-26,16:00:00,67.48,67.61,67.48,67.51,20338,0
2018-03-26,16:05:00,67.5,67.621,67.45,67.46,17546,0
2018-03-26,16:10:00,67.45,67.53,67.38,67.51,27142,0
2018-03-26,16:15:00,67.51,67.57,67.48,67.57,35358,0
2018-03-26,16:20:00,67.57,67.67,67.57,67.65,24926,0
2018-03-26,16:25:00,67.64,67.7,67.62,67.63,11773,0
2018-03-26,16:30:00,67.625,67.625,67.41,67.41,12432,0
2018-03-26,16:35:00,67.39,67.39,67.29,67.36,16653,0
2018-03-26,16:40:00,67.36,67.375,67.23,67.26,12509,0
2018-03-26,16:45:00,67.25,67.27,67.13,67.14,9838,0
2018-03-26,16:50:00,67.14,67.14,67,67.09,16792,0
2018-03-26,16:55:00,67.09,67.14,67.06,67.13,9676,0
2018-03-26,17:00:00,67.14,67.18,67,67.02,13168,0
2018-03-26,17:05:00,67.01,67.08,66.99,67.01,19802,0
2018-03-26,17:10:00,66.99,66.99,66.78,66.79,10299,0
2018-03-26,17:15:00,66.79,66.92,66.76,66.855,4127,0
2018-03-26,17:20:00,66.89,66.89,66.69,66.7,10452,0
2018-03-26,17:25:00,66.705,66.94,66.655,66.94,5414,0
2018-03-26,17:30:00,66.93,66.95,66.81,66.81,5335,0
2018-03-26,17:35:00,66.79,66.96,66.77,66.88,8938,0
2018-03-26,17:40:00,66.88,66.89,66.77,66.81,7787,0
2018-03-26,17:45:00,66.88,67.04,66.88,67.02,2000,0
2018-03-26,17:50:00,66.99,67.06,66.985,67.05,5122,0
2018-03-26,17:55:00,67.04,67.2,67.02,67.13,18132,0
2018-03-26,18:00:00,67.115,67.115,67,67.09,6617,0
2018-03-26,18:05:00,67.07,67.07,66.935,66.94,3832,0
2018-03-26,18:10:00,66.96,67.14,66.96,67.13,8143,0
2018-03-26,18:15:00,67.17,67.34,67.16,67.34,1700,0
2018-03-26,18:20:00,67.32,67.32,67.26,67.265,7800,0
2018-03-26,18:25:00,67.265,67.42,67.265,67.42,9576,0
2018-03-26,18:30:00,67.44,67.49,67.44,67.45,3618,0
2018-03-26,18:35:00,67.38,67.44,67.38,67.43,7520,0
2018-03-26,18:40:00,67.43,67.54,67.39,67.42,5007,0
2018-03-26,18:45:00,67.38,67.43,67.35,67.4,7141,0
2018-03-26,18:50:00,67.36,67.42,67.28,67.28,11947,0
2018-03-26,18:55:00,67.265,67.29,67.215,67.24,8805,0
2018-03-26,19:00:00,67.2397,67.34,67.2397,67.3399,3721,0
2018-03-26,19:05:00,67.27,67.44,67.27,67.38,2600,0
2018-03-26,19:10:00,67.35,67.45,67.331,67.41,4078,0
2018-03-26,19:15:00,67.41,67.59,67.41,67.58,7215,0
2018-03-26,19:20:00,67.58,67.665,67.58,67.64,8385,0
2018-03-26,19:25:00,67.64,67.65,67.58,67.6,10661,0
2018-03-26,19:30:00,67.6,67.61,67.5,67.57,13195,0
2018-03-26,19:35:00,67.5771,67.58,67.45,67.4625,17069,0
2018-03-26,19:40:00,67.47,67.55,67.46,67.55,4562,0
2018-03-26,19:45:00,67.55,67.62,67.53,67.53,2700,0
2018-03-26,19:50:00,67.49,67.52,67.49,67.51,4546,0
2018-03-26,19:55:00,67.5,67.53,67.4,67.41,13816,0
2018-03-26,20:00:00,67.405,67.5,67.37,67.5,22707,0
2018-03-26,20:05:00,67.5,67.6,67.5,67.56,6101,0
2018-03-26,20:10:00,67.6,67.66,67.59,67.64,3650,0
2018-03-26,20:15:00,67.65,67.76,67.65,67.71,6533,0
2018-03-26,20:20:00,67.71,67.85,67.7,67.85,5381,0
2018-03-26,20:25:00,67.85,67.89,67.77,67.78,10870,0
2018-03-26,20:30:00,67.765,67.9,67.72,67.83,10545,0
2018-03-26,20:35:00,67.84,67.89,67.81,67.81,3800,0
2018-03-26,20:40:00,67.76,67.86,67.76,67.845,9571,0
2018-03-26,20:45:00,67.84,67.93,67.83,67.85,6171,0
2018-03-26,20:50:00,67.83,67.87,67.78,67.8099,13591,0
2018-03-26,20:55:00,67.805,68,67.805,68,7168,0
2018-03-26,21:00:00,68.02,68.02,67.88,67.88,21111,0
2018-03-26,21:05:00,67.88,67.99,67.88,67.95,9250,0
2018-03-26,21:10:00,67.94,68.06,67.94,68.06,11177,0
2018-03-26,21:15:00,68.05,68.155,68.01,68.135,18380,0
2018-03-26,21:20:00,68.13,68.17,68.085,68.15,21839,0
2018-03-26,21:25:00,68.17,68.17,67.99,68,20620,0
2018-03-26,21:30:00,67.99,68.02,67.92,68.02,17929,0
2018-03-26,21:35:00,68.03,68.12,67.99,68.1,14184,0
2018-03-26,21:40:00,68.09,68.09,67.99,68.02,18539,0
2018-03-26,21:45:00,68.04,68.155,68,68.15,28221,0
2018-03-26,21:50:00,68.14,68.2,68.11,68.2,35484,0
2018-03-26,21:55:00,68.21,68.22,68.16,68.21,72072,0
2018-03-26,22:00:00,68.22,68.285,68.19,68.2,259599,0
2018-03-27,15:35:00,68.48,68.48,68.06,68.18,49936,0
2018-03-27,15:40:00,68.18,68.21,68.1,68.135,30338,0
2018-03-27,15:45:00,68.1,68.15,67.93,67.99,57680,0
2018-03-27,15:50:00,67.98,68.01,67.92,67.94,18912,0
2018-03-27,15:55:00,67.93,67.995,67.915,67.94,10498,0
2018-03-27,16:00:00,67.97,68.24,67.97,68.24,7700,0
2018-03-27,16:05:00,68.21,68.35,68.16,68.33,29700,0
2018-03-27,16:10:00,68.36,68.44,68.16,68.285,46317,0
2018-03-27,16:15:00,68.3,68.34,68.1,68.12,60816,0
2018-03-27,16:20:00,68.1075,68.15,68.03,68.03,40455,0
2018-03-27,16:25:00,68.02,68.16,67.92,68.09,12942,0
2018-03-27,16:30:00,68.1,68.28,68.1,68.22,13000,0
2018-03-27,16:35:00,68.22,68.22,68.08,68.12,17586,0
2018-03-27,16:40:00,68.09,68.15,68.02,68.15,15278,0
2018-03-27,16:45:00,68.16,68.4,68.12,68.4,9404,0
2018-03-27,16:50:00,68.42,68.47,68.39,68.46,12666,0
2018-03-27,16:55:00,68.45,68.49,68.42,68.48,12032,0
2018-03-27,17:00:00,68.47,68.5425,68.36,68.38,7999,0
2018-03-27,17:05:00,68.375,68.41,68.33,68.37,25753,0
2018-03-27,17:10:00,68.33,68.445,68.31,68.44,8550,0
2018-03-27,17:15:00,68.45,68.46,68.37,68.41,27534,0
2018-03-27,17:20:00,68.39,68.41,68.29,68.295,9455,0
2018-03-27,17:25:00,68.3,68.34,68.17,68.17,11793,0
2018-03-27,17:30:00,68.19,68.21,68.09,68.12,16672,0
2018-03-27,17:35:00,68.18,68.225,68.16,68.225,12492,0
2018-03-27,17:40:00,68.22,68.365,68.2,68.33,6927,0
2018-03-27,17:45:00,68.36,68.455,68.36,68.44,5656,0
2018-03-27,17:50:00,68.44,68.61,68.425,68.585,10400,0
2018-03-27,17:55:00,68.59,68.63,68.52,68.55,7699,0
2018-03-27,18:00:00,68.59,68.615,68.54,68.6,7900,0
2018-03-27,18:05:00,68.565,68.63,68.54,68.63,46076,0
2018-03-27,18:10:00,68.59,68.59,68.41,68.47,74153,0
2018-03-27,18:15:00,68.48,68.53,68.48,68.48,11629,0
2018-03-27,18:20:00,68.485,68.54,68.41,68.53,6885,0
2018-03-27,18:25:00,68.52,68.53,68.46,68.46,3292,0
2018-03-27,18:30:00,68.47,68.47,68.35,68.37,6865,0
2018-03-27,18:35:00,68.37,68.37,68.26,68.31,5036,0
2018-03-27,18:40:00,68.31,68.31,68.24,68.24,7034,0
2018-03-27,18:45:00,68.26,68.33,68.19,68.315,7500,0
2018-03-27,18:50:00,68.3,68.45,68.275,68.4,7883,0
2018-03-27,18:55:00,68.37,68.385,68.29,68.37,10942,0
2018-03-27,19:00:00,68.31,68.39,68.28,68.37,7538,0
2018-03-27,19:05:00,68.38,68.45,68.37,68.39,7465,0
2018-03-27,19:10:00,68.41,68.5,68.41,68.5,3937,0
2018-03-27,19:15:00,68.47,68.51,68.43,68.485,7257,0
2018-03-27,19:20:00,68.5,68.53,68.47,68.47,2300,0
2018-03-27,19:25:00,68.45,68.48,68.39,68.41,4200,0
2018-03-27,19:30:00,68.39,68.42,68.33,68.34,4578,0
2018-03-27,19:35:00,68.34,68.37,68.27,68.295,2600,0
2018-03-27,19:40:00,68.29,68.3,68.21,68.25,11500,0
2018-03-27,19:45:00,68.24,68.305,68.24,68.3,9666,0
2018-03-27,19:50:00,68.29,68.3,68.19,68.23,14349,0
2018-03-27,19:55:00,68.22,68.25,68.135,68.14,14224,0
2018-03-27,20:00:00,68.14,68.215,68.09,68.215,5945,0
2018-03-27,20:05:00,68.22,68.22,68.08,68.1,18824,0
2018-03-27,20:10:00,68.1,68.17,68.07,68.115,17336,0
2018-03-27,20:15:00,68.11,68.24,68.08,68.21,13989,0
2018-03-27,20:20:00,68.21,68.325,68.21,68.31,7627,0
2018-03-27,20:25:00,68.3,68.32,68.145,68.18,16094,0
2018-03-27,20:30:00,68.18,68.18,68.05,68.065,28756,0
2018-03-27,20:35:00,68.0575,68.15,68.04,68.14,17597,0
2018-03-27,20:40:00,68.12,68.16,68.07,68.16,12900,0
2018-03-27,20:45:00,68.17,68.22,68.125,68.15,6513,0
2018-03-27,20:50:00,68.16,68.16,67.96,67.97,12002,0
2018-03-27,20:55:00,67.96,68.06,67.96,68.02,17105,0
2018-03-27,21:00:00,68.01,68.03,67.895,67.93,14067,0
2018-03-27,21:05:00,67.91,67.95,67.61,67.65,29729,0
2018-03-27,21:10:00,67.66,67.69,67.42,67.57,40842,0
2018-03-27,21:15:00,67.6,67.63,67.44,67.48,17314,0
2018-03-27,21:20:00,67.47,67.655,67.47,67.525,11168,0
2018-03-27,21:25:00,67.515,67.54,67.42,67.46,20507,0
2018-03-27,21:30:00,67.46,67.465,67.28,67.28,19947,0
2018-03-27,21:35:00,67.29,67.31,66.94,67.06,41886,0
2018-03-27,21:40:00,67.03,67.25,67.02,67.14,38833,0
2018-03-27,21:45:00,67.14,67.15,66.81,66.81,67831,0
2018-03-27,21:50:00,66.83,66.88,66.54,66.71,70294,0
2018-03-27,21:55:00,66.71,67.07,66.67,66.85,64261,0
2018-03-27,22:00:00,66.85,67.08,66.77,67,225867,0
2018-03-28,15:35:00,67.22,67.38,67.12,67.14,29778,0
2018-03-28,15:40:00,67.17,67.23,66.65,66.65,21545,0
2018-03-28,15:45:00,66.62,66.62,66.44,66.55,26276,0
2018-03-28,15:50:00,66.58,66.9,66.52,66.9,11908,0
2018-03-28,15:55:00,66.945,67.09,66.85,67.045,20749,0
2018-03-28,16:00:00,67.02,67.045,66.86,66.89,8630,0
2018-03-28,16:05:00,66.91,67.11,66.9,67.02,10935,0
2018-03-28,16:10:00,67.01,67.04,66.76,66.785,23770,0
2018-03-28,16:15:00,66.77,66.79,66.51,66.55,47853,0
2018-03-28,16:20:00,66.55,66.61,66.29,66.37,26130,0
2018-03-28,16:25:00,66.37,66.44,66.215,66.3,35380,0
2018-03-28,16:30:00,66.29,66.46,66.26,66.39,9951,0
2018-03-28,16:35:00,66.39,66.53,66.3,66.34,12810,0
2018-03-28,16:40:00,66.31,66.32,66.21,66.26,41303,0
2018-03-28,16:45:00,66.23,66.23,65.981,66.105,20508,0
2018-03-28,16:50:00,66.12,66.12,65.81,65.88,26137,0
2018-03-28,16:55:00,65.875,66.18,65.815,66.115,37175,0
2018-03-28,17:00:00,66.115,66.18,66.03,66.165,56494,0
2018-03-28,17:05:00,66.18,66.46,66.18,66.33,17960,0
2018-03-28,17:10:00,66.34,66.5,66.335,66.47,12695,0
2018-03-28,17:15:00,66.465,66.69,66.41,66.4281,15923,0
2018-03-28,17:20:00,66.35,66.5,66.24,66.46,12547,0
2018-03-28,17:25:00,66.4394,66.455,66.25,66.33,10711,0
2018-03-28,17:30:00,66.3,66.425,66.27,66.29,16286,0
2018-03-28,17:35:00,66.29,66.29,66.03,66.2,15238,0
2018-03-28,17:40:00,66.2,66.39,66.2,66.335,13175,0
2018-03-28,17:45:00,66.35,66.46,66.28,66.41,15785,0
2018-03-28,17:50:00,66.44,66.44,66.24,66.32,8900,0
2018-03-28,17:55:00,66.36,66.38,66.21,66.21,6507,0
2018-03-28,18:00:00,66.22,66.46,66.22,66.275,7440,0
2018-03-28,18:05:00,66.3,66.38,66.24,66.29,11547,0
2018-03-28,18:10:00,66.29,66.44,66.27,66.38,10095,0
2018-03-28,18:15:00,66.42,66.74,66.42,66.7,10800,0
2018-03-28,18:20:00,66.71,66.84,66.65,66.82,21533,0
2018-03-28,18:25:00,66.84,66.88,66.7,66.705,7667,0
2018-03-28,18:30:00,66.72,66.77,66.45,66.45,18464,0
2018-03-28,18:35:00,66.46,66.54,66.43,66.49,8428,0
2018-03-28,18:40:00,66.5,66.615,66.5,66.56,10140,0
2018-03-28,18:45:00,66.61,66.76,66.61,66.69,7936,0
2018-03-28,18:50:00,66.66,66.72,66.45,66.52,5688,0
2018-03-28,18:55:00,66.505,66.51,66.41,66.41,7825,0
2018-03-28,19:00:00,66.36,66.39,66.28,66.285,6680,0
2018-03-28,19:05:00,66.27,66.28,66.14,66.24,12616,0
2018-03-28,19:10:00,66.26,66.405,66.24,66.39,9900,0
2018-03-28,19:15:00,66.43,66.43,66.28,66.38,6000,0
2018-03-28,19:20:00,66.36,66.36,66.17,66.23,6372,0
2018-03-28,19:25:00,66.22,66.55,66.2,66.49,9900,0
2018-03-28,19:30:00,66.52,66.56,66.36,66.38,7384,0
2018-03-28,19:35:00,66.38,66.445,66.22,66.27,7697,0
2018-03-28,19:40:00,66.34,66.42,66.26,66.39,7107,0
2018-03-28,19:45:00,66.41,66.43,66.275,66.385,6804,0
2018-03-28,19:50:00,66.42,66.67,66.42,66.66,7375,0
2018-03-28,19:55:00,66.66,66.66,66.46,66.55,10001,0
2018-03-28,20:00:00,66.57,66.6,66.495,66.55,12000,0
2018-03-28,20:05:00,66.51,66.62,66.39,66.46,9921,0
2018-03-28,20:10:00,66.47,66.47,66.38,66.43,6890,0
2018-03-28,20:15:00,66.4,66.42,66.31,66.4,6100,0
2018-03-28,20:20:00,66.4,66.59,66.4,66.54,7448,0
2018-03-28,20:25:00,66.521,66.67,66.52,66.58,8330,0
2018-03-28,20:30:00,66.58,66.605,66.43,66.44,9600,0
2018-03-28,20:35:00,66.42,66.445,66.36,66.43,12355,0
2018-03-28,20:40:00,66.43,66.61,66.36,66.61,16055,0
2018-03-28,20:45:00,66.62,66.71,66.42,66.43,11784,0
2018-03-28,20:50:00,66.445,66.46,66.35,66.43,11881,0
2018-03-28,20:55:00,66.41,66.46,66.37,66.4,10300,0
2018-03-28,21:00:00,66.41,66.42,66.25,66.28,15649,0
2018-03-28,21:05:00,66.27,66.36,66.15,66.15,20568,0
2018-03-28,21:10:00,66.15,66.24,66.04,66.055,14581,0
2018-03-28,21:15:00,66.04,66.28,66.04,66.28,14004,0
2018-03-28,21:20:00,66.3,66.37,66.23,66.295,20245,0
2018-03-28,21:25:00,66.33,66.48,66.2,66.45,33766,0
2018-03-28,21:30:00,66.46,66.5,66.32,66.49,27193,0
2018-03-28,21:35:00,66.47,66.575,66.38,66.39,32441,0
2018-03-28,21:40:00,66.405,66.74,66.395,66.73,43169,0
2018-03-28,21:45:00,66.72,66.755,66.56,66.57,36717,0
2018-03-28,21:50:00,66.58,66.69,66.57,66.69,56964,0
2018-03-28,21:55:00,66.7,66.71,66.56,66.58,63559,0
2018-03-28,22:00:00,66.575,66.58,66.38,66.4,256314,0
2018-03-29,15:35:00,66.75,67.04,66.75,66.95,29260,0
2018-03-29,15:40:00,66.965,67.05,66.74,66.78,19708,0
2018-03-29,15:45:00,66.8,66.8,66.58,66.71,11528,0
2018-03-29,15:50:00,66.71,66.72,66.45,66.45,11821,0
2018-03-29,15:55:00,66.44,66.48,66.32,66.43,12780,0
2018-03-29,16:00:00,66.42,66.42,66.25,66.32,9410,0
2018-03-29,16:05:00,66.31,66.43,66.31,66.37,14802,0
2018-03-29,16:10:00,66.37,66.43,66.11,66.13,42139,0
2018-03-29,16:15:00,66.17,66.44,66.17,66.39,12677,0
2018-03-29,16:20:00,66.39,66.42,66.29,66.31,13434,0
2018-03-29,16:25:00,66.32,66.32,66.17,66.29,18317,0
2018-03-29,16:30:00,66.29,66.3017,66.18,66.23,27058,0
2018-03-29,16:35:00,66.19,66.34,66.13,66.32,9809,0
2018-03-29,16:40:00,66.33,66.42,66.32,66.39,6800,0
2018-03-29,16:45:00,66.42,66.63,66.4,66.62,8200,0
2018-03-29,16:50:00,66.63,66.72,66.63,66.68,4900,0
2018-03-29,16:55:00,66.67,66.78,66.66,66.75,6605,0
2018-03-29,17:00:00,66.735,66.83,66.66,66.83,12873,0
2018-03-29,17:05:00,66.83,66.92,66.8298,66.91,12893,0
2018-03-29,17:10:00,66.89,67.05,66.87,67.03,6700,0
2018-03-29,17:15:00,67.03,67.09,66.85,66.91,7938,0
2018-03-29,17:20:00,66.94,67.02,66.89,66.91,13521,0
2018-03-29,17:25:00,66.91,66.96,66.87,66.88,9623,0
2018-03-29,17:30:00,66.89,66.965,66.89,66.91,6891,0
2018-03-29,17:35:00,66.92,66.92,66.78,66.87,7699,0
2018-03-29,17:40:00,66.86,66.87,66.81,66.86,9000,0
2018-03-29,17:45:00,66.86,66.98,66.86,66.9552,7099,0
2018-03-29,17:50:00,66.97,66.99,66.87,66.98,8900,0
2018-03-29,17:55:00,66.99,67,66.89,66.9,6313,0
2018-03-29,18:00:00,66.89,66.96,66.88,66.89,7900,0
2018-03-29,18:05:00,66.89,66.93,66.71,66.74,13089,0
2018-03-29,18:10:00,66.71,66.8,66.66,66.7,10213,0
2018-03-29,18:15:00,66.68,66.74,66.63,66.71,11510,0
2018-03-29,18:20:00,66.69,66.79,66.65,66.78,5157,0
2018-03-29,18:25:00,66.78,66.8,66.76,66.8,18619,0
2018-03-29,18:30:00,66.76,66.81,66.71,66.8,20251,0
2018-03-29,18:35:00,66.8,66.8,66.71,66.74,12003,0
2018-03-29,18:40:00,66.76,66.81,66.76,66.8,10827,0
2018-03-29,18:45:00,66.78,66.78,66.7,66.74,6832,0
2018-03-29,18:50:00,66.75,66.76,66.69,66.69,6450,0
2018-03-29,18:55:00,66.69,66.86,66.69,66.86,8512,0
2018-03-29,19:00:00,66.87,66.885,66.8,66.8,7327,0
2018-03-29,19:05:00,66.8,66.87,66.75,66.75,7975,0
2018-03-29,19:10:00,66.74,66.75,66.69,66.69,6614,0
2018-03-29,19:15:00,66.7,66.8,66.69,66.78,4100,0
2018-03-29,19:20:00,66.78,66.85,66.74,66.85,7017,0
2018-03-29,19:25:00,66.84,66.87,66.83,66.85,4416,0
2018-03-29,19:30:00,66.84,66.87,66.77,66.87,7109,0
2018-03-29,19:35:00,66.87,66.91,66.84,66.88,5806,0
2018-03-29,19:40:00,66.88,66.92,66.84,66.88,23572,0
2018-03-29,19:45:00,66.84,66.92,66.84,66.92,3909,0
2018-03-29,19:50:00,66.9625,67.02,66.95,67.02,7140,0
2018-03-29,19:55:00,67.03,67.095,67.03,67.07,4651,0
2018-03-29,20:00:00,67.06,67.13,67.06,67.09,6700,0
2018-03-29,20:05:00,67.07,67.07,66.96,67.04,7683,0
2018-03-29,20:10:00,67.04,67.22,67.04,67.16,31692,0
2018-03-29,20:15:00,67.16,67.33,67.16,67.25,13863,0
2018-03-29,20:20:00,67.2525,67.26,67.2,67.215,7403,0
2018-03-29,20:25:00,67.22,67.26,67.1,67.1001,6496,0
2018-03-29,20:30:00,67.11,67.21,67.11,67.18,6952,0
2018-03-29,20:35:00,67.18,67.26,67.16,67.18,13088,0
2018-03-29,20:40:00,67.19,67.225,67.17,67.19,15610,0
2018-03-29,20:45:00,67.19,67.28,67.16,67.26,14444,0
2018-03-29,20:50:00,67.265,67.39,67.26,67.38,18654,0
2018-03-29,20:55:00,67.38,67.38,67.31,67.38,15771,0
2018-03-29,21:00:00,67.38,67.41,67.325,67.35,24468,0
2018-03-29,21:05:00,67.34,67.46,67.28,67.44,40642,0
2018-03-29,21:10:00,67.46,67.54,67.455,67.51,17388,0
2018-03-29,21:15:00,67.51,67.56,67.47,67.54,17533,0
2018-03-29,21:20:00,67.54,67.58,67.41,67.41,42055,0
2018-03-29,21:25:00,67.415,67.44,67.36,67.39,28270,0
2018-03-29,21:30:00,67.38,67.38,67.22,67.31,21699,0
2018-03-29,21:35:00,67.3,67.305,67.09,67.09,37083,0
2018-03-29,21:40:00,67.08,67.2,67.01,67.19,37621,0
2018-03-29,21:45:00,67.19,67.24,67.11,67.13,42620,0
2018-03-29,21:50:00,67.12,67.37,67.07,67.36,55979,0
2018-03-29,21:55:00,67.36,67.38,67.07,67.08,104373,0
2018-03-29,22:00:00,67.08,67.085,66.9,66.9,1115740,0
