Date,Time,Open,High,Low,Close,Volume,OpenInt
2018-03-14,14:35:00,49.09,49.43,48.88,48.93,60387,0
2018-03-14,14:40:00,48.96,48.9848,48.53,48.53,43729,0
2018-03-14,14:45:00,48.56,48.75,48.48,48.56,30932,0
2018-03-14,14:50:00,48.55,48.59,48.27,48.27,35663,0
2018-03-14,14:55:00,48.29,48.426,48.26,48.31,18497,0
2018-03-14,15:00:00,48.26,48.28,48.1,48.2,42794,0
2018-03-14,15:05:00,48.21,48.48,48.21,48.46,31482,0
2018-03-14,15:10:00,48.45,48.5101,48.21,48.27,24042,0
2018-03-14,15:15:00,48.24,48.38,48.21,48.27,15135,0
2018-03-14,15:20:00,48.29,48.3,48.1201,48.15,21209,0
2018-03-14,15:25:00,48.1686,48.18,47.96,47.96,51911,0
2018-03-14,15:30:00,47.95,48.04,47.93,48.03,48205,0
2018-03-14,15:35:00,48.02,48.24,47.97,48.2,21501,0
2018-03-14,15:40:00,48.19,48.19,48.011,48.05,23197,0
2018-03-14,15:45:00,48.06,48.06,47.88,47.91,34264,0
2018-03-14,15:50:00,47.91,47.93,47.8,47.91,36610,0
2018-03-14,15:55:00,47.9,47.91,47.5954,47.6498,71864,0
2018-03-14,16:00:00,47.65,47.86,47.65,47.82,49642,0
2018-03-14,16:05:00,47.85,47.86,47.58,47.58,51252,0
2018-03-14,16:10:00,47.585,47.665,47.4,47.4,119073,0
2018-03-14,16:15:00,47.43,47.64,47.34,47.34,41423,0
2018-03-14,16:20:00,47.32,47.43,47.22,47.22,85887,0
2018-03-14,16:25:00,47.21,47.26,46.965,47.1,85833,0
2018-03-14,16:30:00,47.09,47.16,46.92,46.92,46631,0
2018-03-14,16:35:00,46.95,47.09,46.79,46.79,80944,0
2018-03-14,16:40:00,46.82,46.88,46.21,46.6368,86165,0
2018-03-14,16:45:00,46.62,46.8,46.53,46.78,25936,0
2018-03-14,16:50:00,46.83,46.84,46.71,46.76,45711,0
2018-03-14,16:55:00,46.76,46.96,46.76,46.92,20170,0
2018-03-14,17:00:00,46.92,46.95,46.76,46.845,22765,0
2018-03-14,17:05:00,46.86,46.93,46.76,46.9,17533,0
2018-03-14,17:10:00,46.9,46.95,46.83,46.87,41471,0
2018-03-14,17:15:00,46.9,46.92,46.81,46.92,40375,0
2018-03-14,17:20:00,46.93,47.0298,46.89,46.93,24632,0
2018-03-14,17:25:00,46.908,47.03,46.89,46.95,23682,0
2018-03-14,17:30:00,46.95,47.06,46.93,46.99,15307,0
2018-03-14,17:35:00,46.97,46.9834,46.83,46.92,21173,0
2018-03-14,17:40:00,46.92,47.03,46.88,46.88,19508,0
2018-03-14,17:45:00,46.86,46.9,46.75,46.76,28119,0
2018-03-14,17:50:00,46.74,46.93,46.74,46.84,17389,0
2018-03-14,17:55:00,46.83,46.8618,46.71,46.79,15112,0
2018-03-14,18:00:00,46.7971,46.81,46.71,46.75,8386,0
2018-03-14,18:05:00,46.76,46.81,46.64,46.64,33659,0
2018-03-14,18:10:00,46.65,46.68,46.58,46.6,13923,0
2018-03-14,18:15:00,46.58,46.69,46.55,46.61,12025,0
2018-03-14,18:20:00,46.62,46.67,46.62,46.65,9272,0
2018-03-14,18:25:00,46.65,46.74,46.65,46.69,11215,0
2018-03-14,18:30:00,46.68,46.72,46.65,46.67,20426,0
2018-03-14,18:35:00,46.66,46.8,46.65,46.72,14247,0
2018-03-14,18:40:00,46.73,46.775,46.7,46.74,12669,0
2018-03-14,18:45:00,46.77,46.94,46.75,46.915,21787,0
2018-03-14,18:50:00,46.9,46.95,46.89,46.9214,13582,0
2018-03-14,18:55:00,46.94,47.08,46.94,46.99,16127,0
2018-03-14,19:00:00,46.98,46.98,46.89,46.89,12730,0
2018-03-14,19:05:00,46.88,46.88,46.82,46.84,29521,0
2018-03-14,19:10:00,46.8437,46.97,46.84,46.97,13566,0
2018-03-14,19:15:00,46.96,46.98,46.92,46.9602,31229,0
2018-03-14,19:20:00,46.97,47,46.86,46.875,22975,0
2018-03-14,19:25:00,46.87,46.9424,46.87,46.9212,18778,0
2018-03-14,19:30:00,46.93,46.94,46.8501,46.885,13865,0
2018-03-14,19:35:00,46.88,46.92,46.86,46.895,32921,0
2018-03-14,19:40:00,46.89,46.895,46.61,46.63,55477,0
2018-03-14,19:45:00,46.62,46.71,46.59,46.63,23184,0
2018-03-14,19:50:00,46.626,46.63,46.55,46.62,24464,0
2018-03-14,19:55:00,46.62,46.71,46.62,46.65,47287,0
2018-03-14,20:00:00,46.65,46.72,46.52,46.58,58244,0
2018-03-14,20:05:00,46.575,46.625,46.52,46.5352,41205,0
2018-03-14,20:10:00,46.53,46.64,46.46,46.47,112271,0
2018-03-14,20:15:00,46.46,46.515,46.37,46.43,82435,0
2018-03-14,20:20:00,46.44,46.66,46.4,46.53,74550,0
2018-03-14,20:25:00,46.53,46.61,46.47,46.61,32241,0
2018-03-14,20:30:00,46.61,46.61,46.41,46.45,52643,0
2018-03-14,20:35:00,46.4501,46.62,46.4501,46.48,45652,0
2018-03-14,20:40:00,46.48,46.57,46.44,46.5,38890,0
2018-03-14,20:45:00,46.49,46.54,46.45,46.52,48167,0
2018-03-14,20:50:00,46.53,46.57,46.45,46.455,73217,0
2018-03-14,20:55:00,46.459,46.49,46.38,46.47,119100,0
2018-03-14,21:00:00,46.47,46.58,46.45,46.57,386000,0
2018-03-15,14:35:00,46.45,46.77,46.45,46.67,55159,0
2018-03-15,14:40:00,46.7,46.75,46.475,46.475,17527,0
2018-03-15,14:45:00,46.5,46.68,46.48,46.56,29942,0
2018-03-15,14:50:00,46.52,46.55,46.188,46.188,45822,0
2018-03-15,14:55:00,46.17,46.2748,46.1,46.11,55606,0
2018-03-15,15:00:00,46.12,46.14,46.02,46.05,77852,0
2018-03-15,15:05:00,46.0651,46.13,45.94,46.115,102578,0
2018-03-15,15:10:00,46.14,46.31,46.14,46.2505,21670,0
2018-03-15,15:15:00,46.28,46.29,46.01,46.015,66176,0
2018-03-15,15:20:00,46.015,46.03,45.9,45.94,43784,0
2018-03-15,15:25:00,45.94,45.98,45.71,45.92,58940,0
2018-03-15,15:30:00,45.91,46.13,45.84,46.1,62390,0
2018-03-15,15:35:00,46.13,46.2,45.96,45.99,42868,0
2018-03-15,15:40:00,45.9912,46.11,45.97,46.05,36079,0
2018-03-15,15:45:00,46.057,46.11,45.86,45.8976,50703,0
2018-03-15,15:50:00,45.88,46.0299,45.88,45.98,11469,0
2018-03-15,15:55:00,45.97,46.16,45.88,46.1,58494,0
2018-03-15,16:00:00,46.1098,46.32,46.1001,46.32,45257,0
2018-03-15,16:05:00,46.31,46.42,46.28,46.3399,42797,0
2018-03-15,16:10:00,46.32,46.42,46.31,46.41,17760,0
2018-03-15,16:15:00,46.41,46.62,46.39,46.6,55023,0
2018-03-15,16:20:00,46.6,46.76,46.57,46.71,93765,0
2018-03-15,16:25:00,46.7101,46.7101,46.55,46.66,31219,0
2018-03-15,16:30:00,46.63,46.9,46.63,46.86,79292,0
2018-03-15,16:35:00,46.86,46.86,46.61,46.61,43899,0
2018-03-15,16:40:00,46.62,46.64,46.45,46.4638,15503,0
2018-03-15,16:45:00,46.46,46.55,46.44,46.48,9835,0
2018-03-15,16:50:00,46.51,46.59,46.47,46.51,23531,0
2018-03-15,16:55:00,46.52,46.63,46.52,46.55,11067,0
2018-03-15,17:00:00,46.55,46.64,46.47,46.6,8817,0
2018-03-15,17:05:00,46.58,46.58,46.49,46.5464,10876,0
2018-03-15,17:10:00,46.53,46.6699,46.53,46.54,8220,0
2018-03-15,17:15:00,46.54,46.6466,46.49,46.64,26005,0
2018-03-15,17:20:00,46.6358,46.69,46.59,46.675,33369,0
2018-03-15,17:25:00,46.6822,46.79,46.67,46.736,23731,0
2018-03-15,17:30:00,46.76,47.03,46.76,47.02,53946,0
2018-03-15,17:35:00,47.04,47.13,46.95,46.96,41159,0
2018-03-15,17:40:00,46.95,46.95,46.74,46.78,7779,0
2018-03-15,17:45:00,46.78,46.91,46.78,46.9,23138,0
2018-03-15,17:50:00,46.91,46.91,46.789,46.86,22775,0
2018-03-15,17:55:00,46.86,46.95,46.84,46.89,20018,0
2018-03-15,18:00:00,46.88,46.88,46.76,46.79,13332,0
2018-03-15,18:05:00,46.8,46.93,46.8,46.93,12385,0
2018-03-15,18:10:00,46.949,46.95,46.84,46.87,8730,0
2018-03-15,18:15:00,46.92,46.93,46.83,46.83,6400,0
2018-03-15,18:20:00,46.83,46.865,46.79,46.865,17749,0
2018-03-15,18:25:00,46.86,46.87,46.8,46.85,7226,0
2018-03-15,18:30:00,46.8599,46.88,46.84,46.87,7702,0
2018-03-15,18:35:00,46.87,46.89,46.75,46.75,7681,0
2018-03-15,18:40:00,46.76,46.8,46.72,46.765,7124,0
2018-03-15,18:45:00,46.76,46.86,46.73,46.8502,13824,0
2018-03-15,18:50:00,46.85,47.0051,46.84,47,28187,0
2018-03-15,18:55:00,46.9865,47.05,46.98,46.99,10944,0
2018-03-15,19:00:00,47,47.04,46.89,46.89,26314,0
2018-03-15,19:05:00,46.87,46.87,46.755,46.77,32559,0
2018-03-15,19:10:00,46.78,46.95,46.76,46.87,75231,0
2018-03-15,19:15:00,46.87,46.94,46.85,46.94,10803,0
2018-03-15,19:20:00,46.95,46.97,46.87,46.8938,12882,0
2018-03-15,19:25:00,46.88,46.94,46.83,46.88,11149,0
2018-03-15,19:30:00,46.88,46.9,46.79,46.8,17400,0
2018-03-15,19:35:00,46.8,46.8264,46.72,46.77,14767,0
2018-03-15,19:40:00,46.77,46.78,46.69,46.69,16781,0
2018-03-15,19:45:00,46.7,46.77,46.68,46.77,16748,0
2018-03-15,19:50:00,46.77,46.82,46.76,46.8,12087,0
2018-03-15,19:55:00,46.8,46.88,46.79,46.875,16370,0
2018-03-15,20:00:00,46.875,46.93,46.81,46.89,26677,0
2018-03-15,20:05:00,46.92,47.04,46.82,47.03,45498,0
2018-03-15,20:10:00,47.02,47.02,46.89,46.94,20021,0
2018-03-15,20:15:00,46.93,47,46.915,46.97,11307,0
2018-03-15,20:20:00,46.97,46.99,46.93,46.95,22537,0
2018-03-15,20:25:00,46.9699,47.025,46.87,46.9,38150,0
2018-03-15,20:30:00,46.89,46.89,46.79,46.89,27047,0
2018-03-15,20:35:00,46.9,46.98,46.84,46.9,33458,0
2018-03-15,20:40:00,46.89,46.905,46.78,46.78,29672,0
2018-03-15,20:45:00,46.785,46.9,46.78,46.9,43053,0
2018-03-15,20:50:00,46.91,46.985,46.9,46.96,54152,0
2018-03-15,20:55:00,46.95,46.98,46.9,46.935,80321,0
2018-03-15,21:00:00,46.94,46.95,46.9,46.93,281203,0
2018-03-16,14:35:00,46.8,47.39,46.76,47.19,94394,0
2018-03-16,14:40:00,47.33,47.34,46.82,47.06,43828,0
2018-03-16,14:45:00,47.06,47.15,46.85,47.15,24001,0
2018-03-16,14:50:00,47.1197,47.1295,46.84,46.87,8651,0
2018-03-16,14:55:00,46.95,47.02,46.81,46.86,14373,0
2018-03-16,15:00:00,46.86,46.92,46.8,46.8648,12149,0
2018-03-16,15:05:00,46.87,47.08,46.84,47,16610,0
2018-03-16,15:10:00,46.97,46.97,46.8001,46.83,21426,0
2018-03-16,15:15:00,46.83,46.94,46.74,46.92,15537,0
2018-03-16,15:20:00,46.84,46.9,46.8,46.85,11149,0
2018-03-16,15:25:00,46.85,46.95,46.845,46.88,56455,0
2018-03-16,15:30:00,46.865,46.92,46.83,46.885,25496,0
2018-03-16,15:35:00,46.89,47.04,46.87,47.025,115975,0
2018-03-16,15:40:00,47.01,47.12,47.01,47.07,23799,0
2018-03-16,15:45:00,47.04,47.08,46.95,47.05,11530,0
2018-03-16,15:50:00,47.04,47.19,47.02,47.11,23423,0
2018-03-16,15:55:00,47.12,47.31,47.12,47.3,36679,0
2018-03-16,16:00:00,47.31,47.47,47.18,47.47,47146,0
2018-03-16,16:05:00,47.48,47.5655,47.42,47.54,26761,0
2018-03-16,16:10:00,47.54,47.54,47.44,47.51,10999,0
2018-03-16,16:15:00,47.5,47.52,47.38,47.45,23140,0
2018-03-16,16:20:00,47.4,47.55,47.39,47.53,26181,0
2018-03-16,16:25:00,47.54,47.57,47.51,47.53,9970,0
2018-03-16,16:30:00,47.53,47.53,47.428,47.48,9831,0
2018-03-16,16:35:00,47.487,47.56,47.48,47.55,11643,0
2018-03-16,16:40:00,47.55,47.589,47.4844,47.4961,7368,0
2018-03-16,16:45:00,47.49,47.61,47.4256,47.58,12938,0
2018-03-16,16:50:00,47.6,47.63,47.48,47.55,10399,0
2018-03-16,16:55:00,47.55,47.63,47.52,47.58,19400,0
2018-03-16,17:00:00,47.55,47.5525,47.42,47.49,12900,0
2018-03-16,17:05:00,47.49,47.54,47.44,47.45,13392,0
2018-03-16,17:10:00,47.45,47.47,47.38,47.42,11461,0
2018-03-16,17:15:00,47.42,47.47,47.4,47.44,6388,0
2018-03-16,17:20:00,47.46,47.5,47.42,47.45,13200,0
2018-03-16,17:25:00,47.47,47.53,47.43,47.48,7390,0
2018-03-16,17:30:00,47.4907,47.53,47.47,47.5,6506,0
2018-03-16,17:35:00,47.51,47.53,47.45,47.53,10840,0
2018-03-16,17:40:00,47.53,47.58,47.49,47.57,8017,0
2018-03-16,17:45:00,47.57,47.59,47.54,47.54,5443,0
2018-03-16,17:50:00,47.56,47.59,47.55,47.58,9866,0
2018-03-16,17:55:00,47.59,47.62,47.555,47.59,12500,0
2018-03-16,18:00:00,47.6,47.67,47.57,47.65,18333,0
2018-03-16,18:05:00,47.6484,47.73,47.62,47.69,17732,0
2018-03-16,18:10:00,47.68,47.72,47.62,47.685,36273,0
2018-03-16,18:15:00,47.69,47.73,47.6709,47.7,9496,0
2018-03-16,18:20:00,47.69,47.72,47.64,47.69,12819,0
2018-03-16,18:25:00,47.69,47.83,47.69,47.79,19205,0
2018-03-16,18:30:00,47.81,47.86,47.7653,47.8586,15640,0
2018-03-16,18:35:00,47.87,47.91,47.8075,47.83,16200,0
2018-03-16,18:40:00,47.83,47.8889,47.83,47.8889,6593,0
2018-03-16,18:45:00,47.87,47.9186,47.83,47.83,12713,0
2018-03-16,18:50:00,47.82,47.84,47.65,47.65,6424,0
2018-03-16,18:55:00,47.65,47.73,47.6,47.69,18986,0
2018-03-16,19:00:00,47.71,47.75,47.68,47.71,7043,0
2018-03-16,19:05:00,47.71,47.74,47.69,47.7001,10272,0
2018-03-16,19:10:00,47.71,47.74,47.68,47.68,5408,0
2018-03-16,19:15:00,47.67,47.73,47.64,47.72,11010,0
2018-03-16,19:20:00,47.72,47.73,47.68,47.72,20413,0
2018-03-16,19:25:00,47.7,47.72,47.67,47.7,10772,0
2018-03-16,19:30:00,47.7,47.7,47.6156,47.6318,7332,0
2018-03-16,19:35:00,47.635,47.71,47.635,47.7,6425,0
2018-03-16,19:40:00,47.7,47.71,47.64,47.655,8287,0
2018-03-16,19:45:00,47.66,47.67,47.63,47.64,17487,0
2018-03-16,19:50:00,47.6362,47.64,47.585,47.62,15028,0
2018-03-16,19:55:00,47.62,47.68,47.62,47.67,6859,0
2018-03-16,20:00:00,47.66,47.68,47.64,47.67,12251,0
2018-03-16,20:05:00,47.65,47.67,47.6,47.605,11232,0
2018-03-16,20:10:00,47.61,47.63,47.59,47.6,13346,0
2018-03-16,20:15:00,47.6,47.6203,47.58,47.615,22015,0
2018-03-16,20:20:00,47.61,47.64,47.58,47.6,16581,0
2018-03-16,20:25:00,47.61,47.62,47.59,47.62,20118,0
2018-03-16,20:30:00,47.62,47.64,47.57,47.6,32236,0
2018-03-16,20:35:00,47.6,47.6,47.36,47.42,116777,0
2018-03-16,20:40:00,47.4042,47.47,47.33,47.33,55642,0
2018-03-16,20:45:00,47.335,47.41,47.26,47.33,136692,0
2018-03-16,20:50:00,47.33,47.35,47.26,47.33,71172,0
2018-03-16,20:55:00,47.34,47.34,47.24,47.25,85208,0
2018-03-16,21:00:00,47.26,47.32,47.22,47.23,584459,0
2018-03-19,14:35:00,47.03,47.44,47.03,47.3,78821,0
2018-03-19,14:40:00,47.31,47.68,47.24,47.64,83026,0
2018-03-19,14:45:00,47.64,47.65,47.265,47.28,57344,0
2018-03-19,14:50:00,47.25,47.26,46.98,47.01,24591,0
2018-03-19,14:55:00,47.01,47.06,46.9274,47.05,23472,0
2018-03-19,15:00:00,47.09,47.19,46.92,46.99,57998,0
2018-03-19,15:05:00,46.99,47.07,46.96,47.0071,6450,0
2018-03-19,15:10:00,46.99,46.99,46.8,46.8,12887,0
2018-03-19,15:15:00,46.8,46.92,46.766,46.766,16161,0
2018-03-19,15:20:00,46.7774,46.8,46.47,46.52,25327,0
2018-03-19,15:25:00,46.51,46.6299,46.45,46.6299,11650,0
2018-03-19,15:30:00,46.63,46.82,46.6198,46.82,20812,0
2018-03-19,15:35:00,46.79,46.87,46.78,46.801,12885,0
2018-03-19,15:40:00,46.79,46.92,46.755,46.8101,29926,0
2018-03-19,15:45:00,46.81,46.82,46.74,46.765,16800,0
2018-03-19,15:50:00,46.75,46.78,46.625,46.625,28113,0
2018-03-19,15:55:00,46.62,46.68,46.53,46.64,31590,0
2018-03-19,16:00:00,46.6378,46.79,46.635,46.76,28413,0
2018-03-19,16:05:00,46.74,46.78,46.69,46.7,18650,0
2018-03-19,16:10:00,46.7,46.74,46.68,46.73,16209,0
2018-03-19,16:15:00,46.73,46.78,46.58,46.58,23734,0
2018-03-19,16:20:00,46.585,46.61,46.48,46.61,27555,0
2018-03-19,16:25:00,46.605,46.73,46.585,46.585,43589,0
2018-03-19,16:30:00,46.6,46.6,46.43,46.43,14807,0
2018-03-19,16:35:00,46.415,46.42,46.275,46.29,20920,0
2018-03-19,16:40:00,46.275,46.2954,46.23,46.23,12602,0
2018-03-19,16:45:00,46.22,46.24,46.17,46.21,17242,0
2018-03-19,16:50:00,46.2,46.2,46.13,46.165,22165,0
2018-03-19,16:55:00,46.15,46.1525,46.06,46.1,54069,0
2018-03-19,17:00:00,46.08,46.08,45.93,46.01,25341,0
2018-03-19,17:05:00,46,46,45.87,45.88,16255,0
2018-03-19,17:10:00,45.9,46.02,45.85,46,48634,0
2018-03-19,17:15:00,45.99,46.05,45.92,46.03,40944,0
2018-03-19,17:20:00,46.01,46.02,45.95,45.98,27199,0
2018-03-19,17:25:00,45.9771,46.07,45.93,46,37270,0
2018-03-19,17:30:00,46.01,46.1,45.98,46.09,10998,0
2018-03-19,17:35:00,46.11,46.18,46.07,46.13,19611,0
2018-03-19,17:40:00,46.12,46.12,45.98,45.99,6425,0
2018-03-19,17:45:00,45.95,46.1,45.93,46,46000,0
2018-03-19,17:50:00,45.9952,45.9952,45.81,45.86,31264,0
2018-03-19,17:55:00,45.841,45.915,45.8001,45.915,10216,0
2018-03-19,18:00:00,45.91,45.95,45.88,45.91,10766,0
2018-03-19,18:05:00,45.88,45.91,45.87,45.89,8392,0
2018-03-19,18:10:00,45.88,45.92,45.79,45.8077,7826,0
2018-03-19,18:15:00,45.8,45.91,45.76,45.91,8061,0
2018-03-19,18:20:00,45.93,45.97,45.9,45.93,8820,0
2018-03-19,18:25:00,45.93,45.96,45.895,45.91,13775,0
2018-03-19,18:30:00,45.9,45.91,45.81,45.83,4818,0
2018-03-19,18:35:00,45.82,45.96,45.82,45.9,6300,0
2018-03-19,18:40:00,45.9116,45.92,45.86,45.9178,10741,0
2018-03-19,18:45:00,45.92,46.045,45.91,46.04,16367,0
2018-03-19,18:50:00,46.04,46.06,46,46.025,8420,0
2018-03-19,18:55:00,46.02,46.04,46,46.04,9029,0
2018-03-19,19:00:00,46.04,46.1,46.02,46.09,12675,0
2018-03-19,19:05:00,46.1,46.18,46.1,46.18,9473,0
2018-03-19,19:10:00,46.19,46.19,46,46,20250,0
2018-03-19,19:15:00,46.03,46.08,45.99,46.03,20803,0
2018-03-19,19:20:00,46.03,46.1,46,46,6648,0
2018-03-19,19:25:00,45.996,46.05,45.99,46.02,12940,0
2018-03-19,19:30:00,46.03,46.08,46.02,46.05,3241,0
2018-03-19,19:35:00,46.07,46.085,46.01,46.01,6721,0
2018-03-19,19:40:00,46.02,46.03,45.88,45.88,13750,0
2018-03-19,19:45:00,45.851,45.9,45.84,45.885,42245,0
2018-03-19,19:50:00,45.9,45.99,45.88,45.97,35715,0
2018-03-19,19:55:00,45.97,46.06,45.94,45.99,11364,0
2018-03-19,20:00:00,45.991,46.09,45.971,46.07,22744,0
2018-03-19,20:05:00,46.07,46.07,45.939,45.96,14297,0
2018-03-19,20:10:00,45.95,45.97,45.9,45.92,48825,0
2018-03-19,20:15:00,45.93,45.97,45.93,45.96,6442,0
2018-03-19,20:20:00,45.94,46.16,45.93,46.1472,22907,0
2018-03-19,20:25:00,46.17,46.21,46.09,46.09,15013,0
2018-03-19,20:30:00,46.1,46.14,46.05,46.06,7542,0
2018-03-19,20:35:00,46.06,46.06,45.95,46.01,21553,0
2018-03-19,20:40:00,46,46.08,45.94,46.05,15911,0
2018-03-19,20:45:00,46.05,46.15,46.02,46.13,30733,0
2018-03-19,20:50:00,46.13,46.27,46.12,46.2,50759,0
2018-03-19,20:55:00,46.21,46.47,46.19,46.44,130604,0
2018-03-19,21:00:00,46.45,46.54,46.23,46.36,388985,0
2018-03-20,14:35:00,46.37,46.66,46.05,46.56,28435,0
2018-03-20,14:40:00,46.56,46.65,46.47,46.58,32079,0
2018-03-20,14:45:00,46.55,46.65,46.51,46.56,21885,0
2018-03-20,14:50:00,46.54,46.64,46.52,46.53,14358,0
2018-03-20,14:55:00,46.545,46.6,46.46,46.551,7510,0
2018-03-20,15:00:00,46.55,46.55,46.35,46.38,4398,0
2018-03-20,15:05:00,46.387,46.55,46.37,46.55,8236,0
2018-03-20,15:10:00,46.56,46.62,46.5135,46.56,11418,0
2018-03-20,15:15:00,46.57,46.69,46.54,46.62,11321,0
2018-03-20,15:20:00,46.62,46.65,46.54,46.62,7331,0
2018-03-20,15:25:00,46.66,46.76,46.65,46.72,9376,0
2018-03-20,15:30:00,46.7,46.72,46.66,46.6636,13933,0
2018-03-20,15:35:00,46.69,46.78,46.66,46.78,11262,0
2018-03-20,15:40:00,46.74,46.77,46.67,46.7001,8632,0
2018-03-20,15:45:00,46.7002,46.86,46.7002,46.8,12614,0
2018-03-20,15:50:00,46.8072,46.93,46.8072,46.9,13104,0
2018-03-20,15:55:00,46.89,46.95,46.85,46.9,8281,0
2018-03-20,16:00:00,46.886,46.98,46.886,46.96,10746,0
2018-03-20,16:05:00,46.97,46.98,46.89,46.98,11070,0
2018-03-20,16:10:00,46.95,47.03,46.93,47.03,12280,0
2018-03-20,16:15:00,47.01,47.06,46.98,47.02,16151,0
2018-03-20,16:20:00,47.01,47.02,46.895,46.93,13729,0
2018-03-20,16:25:00,46.92,46.97,46.8701,46.9301,15254,0
2018-03-20,16:30:00,46.94,47,46.88,46.88,11411,0
2018-03-20,16:35:00,46.91,46.93,46.805,46.84,10692,0
2018-03-20,16:40:00,46.84,46.95,46.84,46.95,5968,0
2018-03-20,16:45:00,46.94,46.95,46.85,46.85,24406,0
2018-03-20,16:50:00,46.84,46.86,46.73,46.805,23714,0
2018-03-20,16:55:00,46.8,46.815,46.73,46.78,16065,0
2018-03-20,17:00:00,46.765,46.84,46.74,46.83,19818,0
2018-03-20,17:05:00,46.83,46.83,46.75,46.8,11784,0
2018-03-20,17:10:00,46.81,46.835,46.76,46.8038,10645,0
2018-03-20,17:15:00,46.805,46.89,46.805,46.855,15360,0
2018-03-20,17:20:00,46.86,46.87,46.81,46.835,6850,0
2018-03-20,17:25:00,46.84,46.86,46.7778,46.81,10523,0
2018-03-20,17:30:00,46.82,46.85,46.79,46.85,6896,0
2018-03-20,17:35:00,46.82,46.94,46.81,46.9,10971,0
2018-03-20,17:40:00,46.89,46.9,46.86,46.88,4976,0
2018-03-20,17:45:00,46.89,46.905,46.83,46.85,9923,0
2018-03-20,17:50:00,46.84,46.91,46.83,46.91,6199,0
2018-03-20,17:55:00,46.9,46.9299,46.87,46.92,6236,0
2018-03-20,18:00:00,46.92,46.94,46.89,46.925,4102,0
2018-03-20,18:05:00,46.925,46.965,46.85,46.85,21780,0
2018-03-20,18:10:00,46.86,46.87,46.75,46.77,6430,0
2018-03-20,18:15:00,46.78,46.85,46.77,46.82,9700,0
2018-03-20,18:20:00,46.81,46.85,46.79,46.85,16853,0
2018-03-20,18:25:00,46.83,46.85,46.75,46.77,4973,0
2018-03-20,18:30:00,46.785,46.8,46.73,46.73,4550,0
2018-03-20,18:35:00,46.76,46.85,46.76,46.79,50633,0
2018-03-20,18:40:00,46.78,46.785,46.56,46.585,30241,0
2018-03-20,18:45:00,46.6,46.62,46.54,46.55,8816,0
2018-03-20,18:50:00,46.545,46.565,46.48,46.555,6559,0
2018-03-20,18:55:00,46.555,46.5898,46.525,46.575,9029,0
2018-03-20,19:00:00,46.58,46.5814,46.48,46.51,10133,0
2018-03-20,19:05:00,46.525,46.5785,46.49,46.55,10768,0
2018-03-20,19:10:00,46.54,46.59,46.45,46.46,10430,0
2018-03-20,19:15:00,46.45,46.49,46.43,46.44,7453,0
2018-03-20,19:20:00,46.43,46.465,46.415,46.42,10600,0
2018-03-20,19:25:00,46.4,46.41,46.31,46.35,42952,0
2018-03-20,19:30:00,46.35,46.4,46.34,46.4,17559,0
2018-03-20,19:35:00,46.39,46.445,46.39,46.4,15527,0
2018-03-20,19:40:00,46.415,46.415,46.39,46.41,23727,0
2018-03-20,19:45:00,46.42,46.49,46.4,46.47,10213,0
2018-03-20,19:50:00,46.47,46.48,46.4,46.46,8504,0
2018-03-20,19:55:00,46.475,46.5,46.43,46.46,9898,0
2018-03-20,20:00:00,46.44,46.4503,46.42,46.44,5866,0
2018-03-20,20:05:00,46.44,46.45,46.39,46.44,8426,0
2018-03-20,20:10:00,46.445,46.4802,46.44,46.4802,13841,0
2018-03-20,20:15:00,46.47,46.51,46.45,46.5,14330,0
2018-03-20,20:20:00,46.51,46.515,46.43,46.44,10312,0
2018-03-20,20:25:00,46.45,46.46,46.44,46.45,3266,0
2018-03-20,20:30:00,46.45,46.465,46.42,46.425,9938,0
2018-03-20,20:35:00,46.43,46.475,46.4,46.47,29854,0
2018-03-20,20:40:00,46.46,46.48,46.4,46.43,19179,0
2018-03-20,20:45:00,46.42,46.47,46.4,46.45,28240,0
2018-03-20,20:50:00,46.47,46.5,46.44,46.46,36116,0
2018-03-20,20:55:00,46.46,46.46,46.415,46.43,41192,0
2018-03-20,21:00:00,46.435,46.47,46.42,46.47,223826,0
2018-03-21,14:35:00,46.42,46.57,46.31,46.37,18995,0
2018-03-21,14:40:00,46.49,46.58,46.4,46.55,16749,0
2018-03-21,14:45:00,46.5,46.634,46.47,46.6,28205,0
2018-03-21,14:50:00,46.6,46.7,46.6,46.62,16812,0
2018-03-21,14:55:00,46.65,46.93,46.64,46.89,20960,0
2018-03-21,15:00:00,46.871,46.94,46.8,46.8,12686,0
2018-03-21,15:05:00,46.8,46.97,46.8,46.97,17611,0
2018-03-21,15:10:00,46.95,47.14,46.935,47.1272,26244,0
2018-03-21,15:15:00,47.15,47.15,46.96,46.9762,31414,0
2018-03-21,15:20:00,46.97,47.14,46.96,47.13,24175,0
2018-03-21,15:25:00,47.13,47.24,47.1,47.18,11913,0
2018-03-21,15:30:00,47.205,47.2799,47.15,47.2007,14296,0
2018-03-21,15:35:00,47.21,47.37,47.2,47.35,32767,0
2018-03-21,15:40:00,47.37,47.5,47.33,47.42,29428,0
2018-03-21,15:45:00,47.44,47.53,47.44,47.53,11861,0
2018-03-21,15:50:00,47.53,47.6,47.51,47.6,10450,0
2018-03-21,15:55:00,47.62,47.68,47.52,47.53,20614,0
2018-03-21,16:00:00,47.54,47.6,47.54,47.56,8329,0
2018-03-21,16:05:00,47.55,47.55,47.48,47.48,7018,0
2018-03-21,16:10:00,47.47,47.47,47.35,47.412,14732,0
2018-03-21,16:15:00,47.41,47.48,47.41,47.46,5073,0
2018-03-21,16:20:00,47.48,47.59,47.48,47.59,18325,0
2018-03-21,16:25:00,47.59,47.66,47.57,47.66,22959,0
2018-03-21,16:30:00,47.67,47.84,47.67,47.75,34211,0
2018-03-21,16:35:00,47.75,47.75,47.65,47.65,8172,0
2018-03-21,16:40:00,47.65,47.82,47.64,47.81,43895,0
2018-03-21,16:45:00,47.8166,47.97,47.8101,47.82,45960,0
2018-03-21,16:50:00,47.81,47.82,47.75,47.7721,7510,0
2018-03-21,16:55:00,47.8,47.84,47.75,47.75,7895,0
2018-03-21,17:00:00,47.75,47.77,47.67,47.67,7432,0
2018-03-21,17:05:00,47.65,47.6551,47.54,47.57,25232,0
2018-03-21,17:10:00,47.58,47.59,47.519,47.525,18539,0
2018-03-21,17:15:00,47.5249,47.59,47.5,47.59,7909,0
2018-03-21,17:20:00,47.59,47.6871,47.58,47.66,9881,0
2018-03-21,17:25:00,47.69,47.71,47.67,47.68,9385,0
2018-03-21,17:30:00,47.7,47.71,47.6,47.6,4953,0
2018-03-21,17:35:00,47.58,47.64,47.58,47.64,5305,0
2018-03-21,17:40:00,47.65,47.6745,47.64,47.67,5204,0
2018-03-21,17:45:00,47.67,47.76,47.63,47.7376,15702,0
2018-03-21,17:50:00,47.75,47.78,47.72,47.78,6615,0
2018-03-21,17:55:00,47.75,47.78,47.72,47.76,3862,0
2018-03-21,18:00:00,47.77,47.82,47.76,47.81,5604,0
2018-03-21,18:05:00,47.81,47.81,47.725,47.7368,9130,0
2018-03-21,18:10:00,47.74,47.74,47.675,47.6866,4851,0
2018-03-21,18:15:00,47.685,47.7,47.6,47.61,4349,0
2018-03-21,18:20:00,47.62,47.62,47.55,47.55,2700,0
2018-03-21,18:25:00,47.54,47.57,47.53,47.56,4406,0
2018-03-21,18:30:00,47.565,47.58,47.55,47.58,5571,0
2018-03-21,18:35:00,47.57,47.63,47.57,47.61,5325,0
2018-03-21,18:40:00,47.61,47.65,47.5371,47.5371,20360,0
2018-03-21,18:45:00,47.535,47.58,47.53,47.56,3221,0
2018-03-21,18:50:00,47.58,47.64,47.56,47.61,6492,0
2018-03-21,18:55:00,47.6,47.6486,47.59,47.6486,5899,0
2018-03-21,19:00:00,47.65,47.71,47.62,47.67,10074,0
2018-03-21,19:05:00,47.69,47.77,47.52,47.61,19371,0
2018-03-21,19:10:00,47.635,47.7,47.55,47.6944,10550,0
2018-03-21,19:15:00,47.695,47.81,47.64,47.79,10300,0
2018-03-21,19:20:00,47.81,47.85,47.75,47.75,18383,0
2018-03-21,19:25:00,47.77,47.77,47.58,47.625,26028,0
2018-03-21,19:30:00,47.64,47.65,47.56,47.64,11463,0
2018-03-21,19:35:00,47.64,47.75,47.62,47.74,22464,0
2018-03-21,19:40:00,47.73,47.75,47.59,47.59,18549,0
2018-03-21,19:45:00,47.59,47.65,47.51,47.65,11928,0
2018-03-21,19:50:00,47.67,47.68,47.61,47.63,13866,0
2018-03-21,19:55:00,47.6245,47.72,47.56,47.7,24066,0
2018-03-21,20:00:00,47.69,47.81,47.66,47.81,20780,0
2018-03-21,20:05:00,47.83,47.84,47.75,47.8,25126,0
2018-03-21,20:10:00,47.8,47.87,47.8,47.83,30009,0
2018-03-21,20:15:00,47.86,47.97,47.795,47.97,66225,0
2018-03-21,20:20:00,47.97,47.99,47.85,47.9,28481,0
2018-03-21,20:25:00,47.89,47.91,47.87,47.9,37808,0
2018-03-21,20:30:00,47.8997,47.95,47.8637,47.95,38481,0
2018-03-21,20:35:00,47.95,48.0476,47.93,48.0086,67101,0
2018-03-21,20:40:00,48,48.0615,48,48.02,31900,0
2018-03-21,20:45:00,48.025,48.04,47.98,47.99,148718,0
2018-03-21,20:50:00,47.99,48.055,47.99,48.04,48339,0
2018-03-21,20:55:00,48.04,48.04,47.93,47.97,164597,0
2018-03-21,21:00:00,47.97,48.06,47.96,47.97,118828,0
2018-03-22,14:35:00,47.4,47.95,47.37,47.661,81102,0
2018-03-22,14:40:00,47.765,48.089,47.73,47.77,60717,0
2018-03-22,14:45:00,47.81,47.87,47.71,47.71,20274,0
2018-03-22,14:50:00,47.68,47.68,47.37,47.38,29152,0
2018-03-22,14:55:00,47.37,47.53,47.28,47.44,36605,0
2018-03-22,15:00:00,47.43,47.55,47.38,47.45,38680,0
2018-03-22,15:05:00,47.47,47.55,47.41,47.55,16062,0
2018-03-22,15:10:00,47.6,47.82,47.43,47.6,42518,0
2018-03-22,15:15:00,47.58,47.81,47.55,47.81,16569,0
2018-03-22,15:20:00,47.79,47.83,47.62,47.67,32924,0
2018-03-22,15:25:00,47.66,47.735,47.56,47.63,44560,0
2018-03-22,15:30:00,47.62,47.64,47.51,47.53,25800,0
2018-03-22,15:35:00,47.53,47.53,47.09,47.09,74738,0
2018-03-22,15:40:00,47.105,47.27,47.105,47.26,14015,0
2018-03-22,15:45:00,47.2606,47.2714,47.13,47.15,12464,0
2018-03-22,15:50:00,47.16,47.16,46.77,46.78,33376,0
2018-03-22,15:55:00,46.76,46.78,46.61,46.655,43016,0
2018-03-22,16:00:00,46.64,46.78,46.63,46.78,19643,0
2018-03-22,16:05:00,46.78,46.9702,46.78,46.941,23911,0
2018-03-22,16:10:00,46.94,46.94,46.72,46.735,24680,0
2018-03-22,16:15:00,46.7435,46.78,46.39,46.42,40499,0
2018-03-22,16:20:00,46.42,46.55,46.38,46.38,29173,0
2018-03-22,16:25:00,46.375,46.4,46.03,46.218,63605,0
2018-03-22,16:30:00,46.189,46.205,45.76,45.9,74848,0
2018-03-22,16:35:00,45.93,45.98,45.17,45.295,188002,0
2018-03-22,16:40:00,45.295,45.37,45.02,45.32,75912,0
2018-03-22,16:45:00,45.32,45.7,45.3,45.7,101044,0
2018-03-22,16:50:00,45.76,45.79,45.48,45.63,68603,0
2018-03-22,16:55:00,45.63,45.71,45.43,45.49,44981,0
2018-03-22,17:00:00,45.515,45.54,45.4199,45.42,30093,0
2018-03-22,17:05:00,45.4464,45.545,45.4298,45.53,21598,0
2018-03-22,17:10:00,45.525,45.65,45.41,45.43,37371,0
2018-03-22,17:15:00,45.442,45.53,45.42,45.44,18163,0
2018-03-22,17:20:00,45.44,45.69,45.4,45.56,25348,0
2018-03-22,17:25:00,45.6,45.78,45.58,45.687,21420,0
2018-03-22,17:30:00,45.7,45.99,45.69,45.945,118326,0
2018-03-22,17:35:00,45.93,46,45.77,46,100900,0
2018-03-22,17:40:00,46,46.15,45.97,46.05,88266,0
2018-03-22,17:45:00,46.044,46.11,46.01,46.05,28036,0
2018-03-22,17:50:00,46.065,46.09,46.01,46.05,31717,0
2018-03-22,17:55:00,46.055,46.17,46.04,46.11,30147,0
2018-03-22,18:00:00,46.13,46.13,45.84,45.99,43406,0
2018-03-22,18:05:00,45.98,45.99,45.75,45.9497,99522,0
2018-03-22,18:10:00,45.94,45.97,45.82,45.86,27845,0
2018-03-22,18:15:00,45.87,45.88,45.75,45.86,15764,0
2018-03-22,18:20:00,45.85,45.9004,45.765,45.78,14917,0
2018-03-22,18:25:00,45.76,45.97,45.67,45.965,30471,0
2018-03-22,18:30:00,45.98,46.06,45.92,46.0205,24908,0
2018-03-22,18:35:00,46.0104,46.08,45.94,46.02,23209,0
2018-03-22,18:40:00,46.03,46.06,45.98,46.02,16215,0
2018-03-22,18:45:00,46.03,46.04,45.94,45.98,10210,0
2018-03-22,18:50:00,45.98,46.06,45.91,45.94,14436,0
2018-03-22,18:55:00,45.95,45.95,45.8,45.8,12125,0
2018-03-22,19:00:00,45.81,45.9,45.796,45.9,15696,0
2018-03-22,19:05:00,45.885,45.92,45.79,45.79,17563,0
2018-03-22,19:10:00,45.81,45.83,45.63,45.63,18057,0
2018-03-22,19:15:00,45.6101,45.72,45.61,45.69,16801,0
2018-03-22,19:20:00,45.69,45.77,45.64,45.65,61058,0
2018-03-22,19:25:00,45.66,45.76,45.62,45.66,24453,0
2018-03-22,19:30:00,45.66,45.67,45.4584,45.46,75895,0
2018-03-22,19:35:00,45.46,45.49,45.42,45.47,14019,0
2018-03-22,19:40:00,45.49,45.53,45.42,45.425,27867,0
2018-03-22,19:45:00,45.43,45.5,45.33,45.4131,26135,0
2018-03-22,19:50:00,45.43,45.59,45.415,45.53,15886,0
2018-03-22,19:55:00,45.52,45.61,45.5,45.5299,28408,0
2018-03-22,20:00:00,45.5014,45.58,45.49,45.58,31250,0
2018-03-22,20:05:00,45.565,45.565,45.39,45.4,24153,0
2018-03-22,20:10:00,45.4,45.5299,45.4,45.45,17355,0
2018-03-22,20:15:00,45.465,45.51,45.42,45.48,37073,0
2018-03-22,20:20:00,45.46,45.49,45.3,45.36,30889,0
2018-03-22,20:25:00,45.36,45.485,45.36,45.4,23596,0
2018-03-22,20:30:00,45.38,45.4,45.03,45.09,58723,0
2018-03-22,20:35:00,45.09,45.12,45.045,45.11,35900,0
2018-03-22,20:40:00,45.117,45.12,44.98,44.99,70315,0
2018-03-22,20:45:00,44.98,45.03,44.885,44.94,64178,0
2018-03-22,20:50:00,44.93,45,44.88,44.925,136094,0
2018-03-22,20:55:00,44.93,45.05,44.91,44.9457,116536,0
2018-03-22,21:00:00,44.94,44.96,44.86,44.92,432723,0
2018-03-23,14:35:00,45.17,45.82,44.9,45.54,243677,0
2018-03-23,14:40:00,45.435,45.46,44.75,44.99,98101,0
2018-03-23,14:45:00,45.015,45.3,44.89,45.24,75611,0
2018-03-23,14:50:00,45.23,45.24,44.94,45.02,47177,0
2018-03-23,14:55:00,45.05,45.33,45.03,45.16,91302,0
2018-03-23,15:00:00,45.19,45.45,45.13,45.31,55289,0
2018-03-23,15:05:00,45.35,45.64,45.335,45.36,64489,0
2018-03-23,15:10:00,45.37,45.6795,45.34,45.4888,36107,0
2018-03-23,15:15:00,45.47,45.589,45.42,45.46,21102,0
2018-03-23,15:20:00,45.44,45.66,45.42,45.477,35332,0
2018-03-23,15:25:00,45.475,45.69,45.41,45.6,36325,0
2018-03-23,15:30:00,45.6,45.941,45.58,45.87,69101,0
2018-03-23,15:35:00,45.86,45.86,45.68,45.725,31711,0
2018-03-23,15:40:00,45.71,45.91,45.64,45.79,28990,0
2018-03-23,15:45:00,45.81,46,45.79,45.89,64183,0
2018-03-23,15:50:00,45.8701,45.8701,45.72,45.79,29481,0
2018-03-23,15:55:00,45.78,45.89,45.6698,45.85,18654,0
2018-03-23,16:00:00,45.84,45.85,45.6,45.62,17926,0
2018-03-23,16:05:00,45.65,45.69,45.5242,45.54,29383,0
2018-03-23,16:10:00,45.54,45.54,45.43,45.47,25740,0
2018-03-23,16:15:00,45.46,45.55,45.3732,45.4,22250,0
2018-03-23,16:20:00,45.4,45.52,45.38,45.49,19164,0
2018-03-23,16:25:00,45.48,45.55,45.47,45.5175,19953,0
2018-03-23,16:30:00,45.525,45.58,45.45,45.46,18714,0
2018-03-23,16:35:00,45.45,45.47,45.315,45.42,17543,0
2018-03-23,16:40:00,45.42,45.49,45.34,45.35,26286,0
2018-03-23,16:45:00,45.34,45.37,45.18,45.18,28036,0
2018-03-23,16:50:00,45.185,45.3,45.185,45.19,14262,0
2018-03-23,16:55:00,45.18,45.28,45.145,45.155,12289,0
2018-03-23,17:00:00,45.15,45.23,45.1,45.13,14019,0
2018-03-23,17:05:00,45.13,45.19,45.09,45.12,18388,0
2018-03-23,17:10:00,45.11,45.16,45.02,45.12,11547,0
2018-03-23,17:15:00,45.14,45.14,45.03,45.11,21620,0
2018-03-23,17:20:00,45.11,45.33,45.11,45.32,27923,0
2018-03-23,17:25:00,45.3,45.36,45.27,45.33,18153,0
2018-03-23,17:30:00,45.34,45.5,45.33,45.5,21219,0
2018-03-23,17:35:00,45.47,45.49,45.42,45.47,16286,0
2018-03-23,17:40:00,45.45,45.5,45.4,45.49,18922,0
2018-03-23,17:45:00,45.49,45.55,45.43,45.46,30801,0
2018-03-23,17:50:00,45.44,45.56,45.43,45.55,22431,0
2018-03-23,17:55:00,45.56,45.6,45.48,45.48,22076,0
2018-03-23,18:00:00,45.5,45.52,45.4411,45.51,11069,0
2018-03-23,18:05:00,45.52,45.54,45.465,45.52,9750,0
2018-03-23,18:10:00,45.5,45.5701,45.45,45.5701,10245,0
2018-03-23,18:15:00,45.61,45.64,45.53,45.575,9593,0
2018-03-23,18:20:00,45.575,45.61,45.52,45.52,17365,0
2018-03-23,18:25:00,45.53,45.61,45.48,45.61,11092,0
2018-03-23,18:30:00,45.59,45.63,45.525,45.56,3658,0
2018-03-23,18:35:00,45.57,45.61,45.47,45.5,8265,0
2018-03-23,18:40:00,45.5006,45.51,45.4501,45.46,15376,0
2018-03-23,18:45:00,45.46,45.51,45.44,45.5,12979,0
2018-03-23,18:50:00,45.49,45.62,45.49,45.59,13863,0
2018-03-23,18:55:00,45.61,45.6467,45.58,45.59,19608,0
2018-03-23,19:00:00,45.59,45.6,45.49,45.49,12298,0
2018-03-23,19:05:00,45.5,45.56,45.39,45.4148,12127,0
2018-03-23,19:10:00,45.43,45.43,45.3064,45.32,17017,0
2018-03-23,19:15:00,45.32,45.325,45.26,45.3086,14745,0
2018-03-23,19:20:00,45.31,45.3499,45.28,45.32,13776,0
2018-03-23,19:25:00,45.31,45.4,45.3,45.33,27351,0
2018-03-23,19:30:00,45.31,45.36,45.27,45.33,20123,0
2018-03-23,19:35:00,45.32,45.43,45.315,45.36,27987,0
2018-03-23,19:40:00,45.35,45.39,45.34,45.36,9034,0
2018-03-23,19:45:00,45.35,45.3951,45.3,45.3,17611,0
2018-03-23,19:50:00,45.3,45.3,45.14,45.2002,16421,0
2018-03-23,19:55:00,45.22,45.24,45.06,45.13,16923,0
2018-03-23,20:00:00,45.12,45.1566,44.94,44.94,36973,0
2018-03-23,20:05:00,44.96,45.04,44.93,44.98,32049,0
2018-03-23,20:10:00,44.97,45.01,44.84,44.84,36282,0
2018-03-23,20:15:00,44.84,44.96,44.74,44.895,28852,0
2018-03-23,20:20:00,44.9,45.05,44.86,44.93,25459,0
2018-03-23,20:25:00,44.92,44.95,44.73,44.77,28564,0
2018-03-23,20:30:00,44.72,44.81,44.7,44.81,47687,0
2018-03-23,20:35:00,44.8,44.84,44.74,44.8,38401,0
2018-03-23,20:40:00,44.82,44.84,44.69,44.77,34851,0
2018-03-23,20:45:00,44.78,44.8901,44.7,44.87,74130,0
2018-03-23,20:50:00,44.855,44.87,44.62,44.68,101081,0
2018-03-23,20:55:00,44.685,44.7,44.6,44.6422,76246,0
2018-03-23,21:00:00,44.635,44.82,44.63,44.71,364578,0
2018-03-26,15:35:00,45.26,45.39,44.87,44.97,79318,0
2018-03-26,15:40:00,44.98,45,44.6,44.6,46762,0
2018-03-26,15:45:00,44.655,44.75,44.44,44.44,171027,0
2018-03-26,15:50:00,44.42,44.66,44.38,44.45,155318,0
2018-03-26,15:55:00,44.45,44.78,44.2698,44.69,56097,0
2018-03-26,16:00:00,44.74,45.3,44.74,45.25,108253,0
2018-03-26,16:05:00,45.26,45.35,44.99,45.1,48618,0
2018-03-26,16:10:00,45.1,45.26,45.06,45.2,48994,0
2018-03-26,16:15:00,45.19,45.25,45.1,45.23,63709,0
2018-03-26,16:20:00,45.22,45.25,45.13,45.18,105628,0
2018-03-26,16:25:00,45.21,45.2401,45.13,45.18,39745,0
2018-03-26,16:30:00,45.18,45.2,45.04,45.1,53414,0
2018-03-26,16:35:00,45.1,45.239,45.09,45.17,52582,0
2018-03-26,16:40:00,45.18,45.42,45.165,45.4,87372,0
2018-03-26,16:45:00,45.42,45.5,45.35,45.4,43635,0
2018-03-26,16:50:00,45.39,45.39,45.11,45.18,22329,0
2018-03-26,16:55:00,45.16,45.29,45.14,45.29,19211,0
2018-03-26,17:00:00,45.28,45.37,45.28,45.32,21627,0
2018-03-26,17:05:00,45.3101,45.4,45.27,45.36,22404,0
2018-03-26,17:10:00,45.35,45.36,45.14,45.14,38344,0
2018-03-26,17:15:00,45.12,45.13,44.84,44.89,16443,0
2018-03-26,17:20:00,44.84,44.89,44.68,44.89,24741,0
2018-03-26,17:25:00,44.88,45.12,44.8075,45.12,34581,0
2018-03-26,17:30:00,45.1299,45.13,44.99,45.09,129774,0
2018-03-26,17:35:00,45.09,45.46,45.08,45.33,36118,0
2018-03-26,17:40:00,45.34,45.61,45.33,45.61,65272,0
2018-03-26,17:45:00,45.59,45.62,45.48,45.565,42251,0
2018-03-26,17:50:00,45.57,45.58,45.43,45.45,31030,0
2018-03-26,17:55:00,45.465,45.6,45.43,45.55,23137,0
2018-03-26,18:00:00,45.55,45.55,45.38,45.46,18583,0
2018-03-26,18:05:00,45.47,45.47,45.24,45.27,21538,0
2018-03-26,18:10:00,45.29,45.395,45.29,45.35,13593,0
2018-03-26,18:15:00,45.37,45.43,45.31,45.4,15463,0
2018-03-26,18:20:00,45.4,45.4,45.23,45.28,19329,0
2018-03-26,18:25:00,45.3,45.429,45.3,45.35,7845,0
2018-03-26,18:30:00,45.34,45.43,45.32,45.32,9218,0
2018-03-26,18:35:00,45.32,45.33,45.21,45.29,23215,0
2018-03-26,18:40:00,45.29,45.35,45.205,45.29,25009,0
2018-03-26,18:45:00,45.26,45.35,45.2,45.35,33533,0
2018-03-26,18:50:00,45.3575,45.49,45.29,45.465,25982,0
2018-03-26,18:55:00,45.46,45.47,45.365,45.37,26025,0
2018-03-26,19:00:00,45.38,45.535,45.36,45.53,33728,0
2018-03-26,19:05:00,45.49,45.49,45.365,45.42,20626,0
2018-03-26,19:10:00,45.4,45.5,45.4,45.46,25917,0
2018-03-26,19:15:00,45.44,45.61,45.43,45.58,16260,0
2018-03-26,19:20:00,45.59,45.65,45.57,45.61,19005,0
2018-03-26,19:25:00,45.62,45.64,45.49,45.53,37654,0
2018-03-26,19:30:00,45.52,45.67,45.51,45.63,26834,0
2018-03-26,19:35:00,45.63,45.63,45.49,45.5145,17616,0
2018-03-26,19:40:00,45.51,45.73,45.51,45.71,80208,0
2018-03-26,19:45:00,45.725,45.82,45.7,45.7,45423,0
2018-03-26,19:50:00,45.69,45.77,45.69,45.75,21413,0
2018-03-26,19:55:00,45.73,45.74,45.71,45.73,11230,0
2018-03-26,20:00:00,45.73,45.88,45.72,45.87,34430,0
2018-03-26,20:05:00,45.89,45.92,45.84,45.89,22649,0
2018-03-26,20:10:00,45.9,45.96,45.9,45.91,21178,0
2018-03-26,20:15:00,45.915,46.075,45.915,46.02,216167,0
2018-03-26,20:20:00,46.02,46.05,45.97,46.01,127120,0
2018-03-26,20:25:00,46.02,46.06,45.965,45.97,32554,0
2018-03-26,20:30:00,45.97,46.05,45.91,46.04,41424,0
2018-03-26,20:35:00,46.06,46.11,45.99,46,41411,0
2018-03-26,20:40:00,46.01,46.1,45.99,46.03,55364,0
2018-03-26,20:45:00,46.04,46.09,46.015,46.06,25161,0
2018-03-26,20:50:00,46.06,46.07,45.965,46.045,160419,0
2018-03-26,20:55:00,46.05,46.18,46.05,46.16,46511,0
2018-03-26,21:00:00,46.19,46.19,46.03,46.05,61299,0
2018-03-26,21:05:00,46.05,46.17,46.02,46.135,37639,0
2018-03-26,21:10:00,46.13,46.27,46.08,46.26,44231,0
2018-03-26,21:15:00,46.27,46.28,46.15,46.165,35446,0
2018-03-26,21:20:00,46.16,46.235,46.15,46.2,29278,0
2018-03-26,21:25:00,46.205,46.36,46.165,46.255,73875,0
2018-03-26,21:30:00,46.255,46.4101,46.23,46.41,38788,0
2018-03-26,21:35:00,46.405,46.53,46.28,46.28,136871,0
2018-03-26,21:40:00,46.28,46.28,46.13,46.18,52422,0
2018-03-26,21:45:00,46.17,46.17,45.91,46.02,122021,0
2018-03-26,21:50:00,46.01,46.01,45.76,45.8,132548,0
2018-03-26,21:55:00,45.79,45.795,45.7,45.725,112712,0
2018-03-26,22:00:00,45.72,45.82,45.69,45.77,609325,0
2018-03-27,15:35:00,46.25,46.27,45.8701,46.25,94933,0
2018-03-27,15:40:00,46.255,46.49,46.14,46.49,43939,0
2018-03-27,15:45:00,46.4558,46.4558,46.1,46.23,16580,0
2018-03-27,15:50:00,46.16,46.34,46,46.03,201333,0
2018-03-27,15:55:00,46.01,46.12,45.86,45.92,46423,0
2018-03-27,16:00:00,45.95,46.25,45.95,46.21,34393,0
2018-03-27,16:05:00,46.19,46.23,46.065,46.125,23371,0
2018-03-27,16:10:00,46.12,46.24,46,46.035,24547,0
2018-03-27,16:15:00,46.04,46.1,45.96,46.01,24247,0
2018-03-27,16:20:00,46,46.05,45.88,45.94,13883,0
2018-03-27,16:25:00,45.93,46.06,45.87,45.975,29076,0
2018-03-27,16:30:00,45.97,46.0002,45.88,45.88,11067,0
2018-03-27,16:35:00,45.89,45.9399,45.7,45.85,29919,0
2018-03-27,16:40:00,45.8414,45.87,45.655,45.67,28941,0
2018-03-27,16:45:00,45.6697,45.67,45.53,45.638,40200,0
2018-03-27,16:50:00,45.62,45.62,45.38,45.38,30834,0
2018-03-27,16:55:00,45.39,45.42,45.16,45.215,42635,0
2018-03-27,17:00:00,45.215,45.57,45.2038,45.42,34365,0
2018-03-27,17:05:00,45.4,45.4,45.22,45.23,22750,0
2018-03-27,17:10:00,45.27,45.36,45.23,45.28,16871,0
2018-03-27,17:15:00,45.295,45.295,45.15,45.22,21848,0
2018-03-27,17:20:00,45.22,45.36,45.19,45.25,24209,0
2018-03-27,17:25:00,45.24,45.38,45.23,45.38,16265,0
2018-03-27,17:30:00,45.38,45.46,45.32,45.45,28043,0
2018-03-27,17:35:00,45.46,45.54,45.42,45.5366,50589,0
2018-03-27,17:40:00,45.55,45.56,45.49,45.49,30956,0
2018-03-27,17:45:00,45.49,45.59,45.47,45.58,35139,0
2018-03-27,17:50:00,45.57,45.62,45.475,45.592,55180,0
2018-03-27,17:55:00,45.59,45.62,45.53,45.605,15207,0
2018-03-27,18:00:00,45.62,45.6215,45.51,45.5201,19094,0
2018-03-27,18:05:00,45.52,45.59,45.49,45.57,13648,0
2018-03-27,18:10:00,45.555,45.56,45.47,45.51,18967,0
2018-03-27,18:15:00,45.55,45.59,45.52,45.55,17251,0
2018-03-27,18:20:00,45.52,45.57,45.48,45.48,11006,0
2018-03-27,18:25:00,45.49,45.5301,45.485,45.53,14285,0
2018-03-27,18:30:00,45.53,45.54,45.47,45.47,16691,0
2018-03-27,18:35:00,45.46,45.46,45.25,45.28,17873,0
2018-03-27,18:40:00,45.29,45.3815,45.28,45.3815,13043,0
2018-03-27,18:45:00,45.37,45.48,45.31,45.45,22536,0
2018-03-27,18:50:00,45.45,45.51,45.42,45.42,12493,0
2018-03-27,18:55:00,45.41,45.46,45.375,45.46,13819,0
2018-03-27,19:00:00,45.49,45.49,45.44,45.47,9718,0
2018-03-27,19:05:00,45.48,45.54,45.48,45.53,12323,0
2018-03-27,19:10:00,45.54,45.55,45.49,45.51,21081,0
2018-03-27,19:15:00,45.52,45.62,45.49,45.6,12762,0
2018-03-27,19:20:00,45.61,45.63,45.43,45.43,19501,0
2018-03-27,19:25:00,45.41,45.41,45.29,45.3,11908,0
2018-03-27,19:30:00,45.28,45.32,45.26,45.27,7363,0
2018-03-27,19:35:00,45.2602,45.37,45.2,45.36,29891,0
2018-03-27,19:40:00,45.35,45.41,45.28,45.34,11059,0
2018-03-27,19:45:00,45.35,45.35,45.15,45.29,41884,0
2018-03-27,19:50:00,45.27,45.28,45.12,45.16,20180,0
2018-03-27,19:55:00,45.14,45.14,44.99,45.05,41470,0
2018-03-27,20:00:00,45.03,45.13,44.98,45.1,24001,0
2018-03-27,20:05:00,45.06,45.0952,44.89,44.92,23307,0
2018-03-27,20:10:00,44.93,45.0716,44.9195,45.06,22119,0
2018-03-27,20:15:00,45.06,45.17,45.04,45.08,23738,0
2018-03-27,20:20:00,45.09,45.22,45.09,45.208,18082,0
2018-03-27,20:25:00,45.2,45.2,45.09,45.1037,20157,0
2018-03-27,20:30:00,45.09,45.09,44.98,45.01,19219,0
2018-03-27,20:35:00,44.99,45.11,44.98,45.11,32550,0
2018-03-27,20:40:00,45.1,45.19,44.995,45.05,24116,0
2018-03-27,20:45:00,45.08,45.09,44.89,44.89,24859,0
2018-03-27,20:50:00,44.89,44.9,44.73,44.9,41370,0
2018-03-27,20:55:00,44.88,45.04,44.87,44.96,36243,0
2018-03-27,21:00:00,44.95,45.06,44.88,44.98,36108,0
2018-03-27,21:05:00,44.98,45.03,44.92,44.92,15043,0
2018-03-27,21:10:00,44.925,44.99,44.77,44.99,56419,0
2018-03-27,21:15:00,45,45.03,44.875,44.96,84402,0
2018-03-27,21:20:00,44.96,45.09,44.956,45.07,30171,0
2018-03-27,21:25:00,45.07,45.12,44.98,44.98,29838,0
2018-03-27,21:30:00,44.975,44.98,44.81,44.89,41815,0
2018-03-27,21:35:00,44.895,44.9,44.68,44.8,35681,0
2018-03-27,21:40:00,44.79,44.97,44.74,44.92,36088,0
2018-03-27,21:45:00,44.93,45.02,44.8,44.8,65728,0
2018-03-27,21:50:00,44.82,44.87,44.635,44.78,46703,0
2018-03-27,21:55:00,44.76,44.92,44.75,44.77,51536,0
2018-03-27,22:00:00,44.78,44.92,44.75,44.9,182026,0
2018-03-28,15:35:00,44.51,44.82,44.51,44.75,45359,0
2018-03-28,15:40:00,44.78,44.82,44.31,44.35,37386,0
2018-03-28,15:45:00,44.3,44.34,44.145,44.31,19152,0
2018-03-28,15:50:00,44.31,44.57,44.25,44.57,14558,0
2018-03-28,15:55:00,44.6,44.62,44.36,44.62,9000,0
2018-03-28,16:00:00,44.66,44.76,44.53,44.72,21666,0
2018-03-28,16:05:00,44.76,44.84,44.62,44.8,13827,0
2018-03-28,16:10:00,44.8209,44.92,44.72,44.82,25214,0
2018-03-28,16:15:00,44.78,44.825,44.461,44.461,23617,0
2018-03-28,16:20:00,44.48,44.77,44.48,44.77,23993,0
2018-03-28,16:25:00,44.77,44.845,44.66,44.66,29336,0
2018-03-28,16:30:00,44.6486,44.84,44.6486,44.83,14754,0
2018-03-28,16:35:00,44.84,44.89,44.78,44.805,14761,0
2018-03-28,16:40:00,44.78,44.81,44.71,44.7256,8672,0
2018-03-28,16:45:00,44.6842,44.6842,44.44,44.52,8290,0
2018-03-28,16:50:00,44.52,44.54,44.34,44.35,10565,0
2018-03-28,16:55:00,44.33,44.33,44.16,44.21,19923,0
2018-03-28,17:00:00,44.215,44.24,44.11,44.2277,28975,0
2018-03-28,17:05:00,44.235,44.3,44.1399,44.1399,16412,0
2018-03-28,17:10:00,44.13,44.3,44.12,44.29,7406,0
2018-03-28,17:15:00,44.31,44.44,44.23,44.23,28662,0
2018-03-28,17:20:00,44.24,44.38,44.13,44.36,11886,0
2018-03-28,17:25:00,44.32,44.32,44.12,44.18,9353,0
2018-03-28,17:30:00,44.24,44.29,44.13,44.13,17206,0
2018-03-28,17:35:00,44.1301,44.1301,43.6864,43.9489,105817,0
2018-03-28,17:40:00,43.98,44.16,43.98,44.16,31101,0
2018-03-28,17:45:00,44.17,44.44,44.16,44.43,19496,0
2018-03-28,17:50:00,44.43,44.48,44.35,44.38,27040,0
2018-03-28,17:55:00,44.41,44.46,44.29,44.32,5992,0
2018-03-28,18:00:00,44.3612,44.49,44.34,44.36,22129,0
2018-03-28,18:05:00,44.37,44.49,44.34,44.39,13774,0
2018-03-28,18:10:00,44.45,44.53,44.35,44.46,4358,0
2018-03-28,18:15:00,44.55,44.65,44.5,44.615,2292,0
2018-03-28,18:20:00,44.58,44.61,44.49,44.565,17230,0
2018-03-28,18:25:00,44.58,44.59,44.42,44.5,13642,0
2018-03-28,18:30:00,44.525,44.63,44.46,44.48,13521,0
2018-03-28,18:35:00,44.51,44.56,44.41,44.44,5366,0
2018-03-28,18:40:00,44.43,44.55,44.43,44.5,16299,0
2018-03-28,18:45:00,44.51,44.6,44.5,44.52,18012,0
2018-03-28,18:50:00,44.51,44.56,44.41,44.42,6243,0
2018-03-28,18:55:00,44.4,44.5,44.36,44.44,12352,0
2018-03-28,19:00:00,44.42,44.42,44.3691,44.375,7572,0
2018-03-28,19:05:00,44.36,44.36,44.21,44.3,11032,0
2018-03-28,19:10:00,44.3,44.43,44.3,44.43,4729,0
2018-03-28,19:15:00,44.4,44.42,44.32,44.41,5101,0
2018-03-28,19:20:00,44.45,44.45,44.35,44.39,5204,0
2018-03-28,19:25:00,44.4,44.48,44.4,44.46,3079,0
2018-03-28,19:30:00,44.49,44.51,44.45,44.49,4677,0
2018-03-28,19:35:00,44.51,44.51,44.42,44.485,7988,0
2018-03-28,19:40:00,44.485,44.52,44.43,44.5,6500,0
2018-03-28,19:45:00,44.5,44.565,44.44,44.53,6508,0
2018-03-28,19:50:00,44.52,44.665,44.52,44.66,9350,0
2018-03-28,19:55:00,44.65,44.7,44.63,44.65,27097,0
2018-03-28,20:00:00,44.66,44.69,44.59,44.68,10766,0
2018-03-28,20:05:00,44.6593,44.68,44.48,44.51,10501,0
2018-03-28,20:10:00,44.51,44.57,44.45,44.57,11279,0
2018-03-28,20:15:00,44.53,44.57,44.48,44.57,9363,0
2018-03-28,20:20:00,44.55,44.64,44.54,44.6,6213,0
2018-03-28,20:25:00,44.61,44.66,44.58,44.59,4900,0
2018-03-28,20:30:00,44.59,44.62,44.54,44.54,8175,0
2018-03-28,20:35:00,44.53,44.57,44.49,44.56,11961,0
2018-03-28,20:40:00,44.56,44.6527,44.53,44.65,6106,0
2018-03-28,20:45:00,44.66,44.7,44.57,44.58,10762,0
2018-03-28,20:50:00,44.57,44.6,44.44,44.47,8136,0
2018-03-28,20:55:00,44.46,44.58,44.45,44.5126,6273,0
2018-03-28,21:00:00,44.49,44.51,44.39,44.39,7748,0
2018-03-28,21:05:00,44.4,44.46,44.33,44.33,7805,0
2018-03-28,21:10:00,44.34,44.38,44.15,44.15,10743,0
2018-03-28,21:15:00,44.14,44.27,44.14,44.27,25818,0
2018-03-28,21:20:00,44.28,44.35,44.16,44.19,22988,0
2018-03-28,21:25:00,44.18,44.31,44.14,44.27,18080,0
2018-03-28,21:30:00,44.27,44.34,44.2,44.3372,23818,0
2018-03-28,21:35:00,44.32,44.41,44.285,44.32,20522,0
2018-03-28,21:40:00,44.33,44.46,44.32,44.44,21879,0
2018-03-28,21:45:00,44.44,44.48,44.4,44.44,23981,0
2018-03-28,21:50:00,44.44,44.51,44.4,44.51,52412,0
2018-03-28,21:55:00,44.51,44.59,44.49,44.5,48658,0
2018-03-28,22:00:00,44.49,44.51,44.26,44.42,108876,0
2018-03-29,15:35:00,44.74,44.87,44.65,44.86,45291,0
2018-03-29,15:40:00,44.87,45.05,44.74,45.05,28573,0
2018-03-29,15:45:00,45.05,45.07,44.75,45,23528,0
2018-03-29,15:50:00,44.99,45.05,44.86,44.93,15500,0
2018-03-29,15:55:00,44.91,45.03,44.83,44.91,39475,0
2018-03-29,16:00:00,44.9328,45.04,44.75,44.8,14729,0
2018-03-29,16:05:00,44.79,45.01,44.57,44.74,64994,0
2018-03-29,16:10:00,44.73,44.77,44.5,44.51,27165,0
2018-03-29,16:15:00,44.52,44.8,44.51,44.76,24279,0
2018-03-29,16:20:00,44.72,44.76,44.58,44.67,15640,0
2018-03-29,16:25:00,44.67,44.91,44.65,44.87,13593,0
2018-03-29,16:30:00,44.87,44.93,44.84,44.915,33360,0
2018-03-29,16:35:00,44.9,44.9,44.7763,44.83,14865,0
2018-03-29,16:40:00,44.84,45,44.84,44.94,20810,0
2018-03-29,16:45:00,44.94,45.1,44.94,45.085,37082,0
2018-03-29,16:50:00,45.06,45.14,44.97,45.1,43820,0
2018-03-29,16:55:00,45.1,45.1501,44.955,45.1501,15844,0
2018-03-29,17:00:00,45.15,45.18,45.04,45.18,24959,0
2018-03-29,17:05:00,45.19,45.31,45.15,45.28,49937,0
2018-03-29,17:10:00,45.28,45.45,45.26,45.345,16177,0
2018-03-29,17:15:00,45.33,45.37,45.1201,45.1456,9965,0
2018-03-29,17:20:00,45.15,45.31,45.15,45.17,16306,0
2018-03-29,17:25:00,45.15,45.18,45.09,45.13,17972,0
2018-03-29,17:30:00,45.14,45.21,45.07,45.07,14949,0
2018-03-29,17:35:00,45.07,45.08,44.93,44.98,14796,0
2018-03-29,17:40:00,44.98,45.04,44.9,44.9,15666,0
2018-03-29,17:45:00,44.88,44.97,44.82,44.8285,15191,0
2018-03-29,17:50:00,44.82,44.93,44.75,44.82,40848,0
2018-03-29,17:55:00,44.83,44.925,44.815,44.8823,25555,0
2018-03-29,18:00:00,44.89,45.08,44.89,45.06,11001,0
2018-03-29,18:05:00,45.03,45.11,45.02,45.06,15575,0
2018-03-29,18:10:00,45.05,45.0911,44.98,45.05,29458,0
2018-03-29,18:15:00,45.04,45.195,45.04,45.12,15521,0
2018-03-29,18:20:00,45.09,45.19,45.08,45.19,9222,0
2018-03-29,18:25:00,45.15,45.21,45.12,45.21,7506,0
2018-03-29,18:30:00,45.21,45.29,45.181,45.26,10351,0
2018-03-29,18:35:00,45.25,45.25,45.14,45.16,11910,0
2018-03-29,18:40:00,45.19,45.29,45.15,45.15,19350,0
2018-03-29,18:45:00,45.17,45.23,45.1,45.19,10439,0
2018-03-29,18:50:00,45.16,45.21,45.12,45.14,5751,0
2018-03-29,18:55:00,45.14,45.3,45.13,45.3,8946,0
2018-03-29,19:00:00,45.29,45.33,45.24,45.2445,10102,0
2018-03-29,19:05:00,45.26,45.31,45.23,45.23,4482,0
2018-03-29,19:10:00,45.22,45.27,45.2,45.2,6036,0
2018-03-29,19:15:00,45.19,45.24,45.15,45.22,10864,0
2018-03-29,19:20:00,45.22,45.28,45.19,45.27,18900,0
2018-03-29,19:25:00,45.25,45.28,45.22,45.24,5327,0
2018-03-29,19:30:00,45.2487,45.28,45.2,45.27,9713,0
2018-03-29,19:35:00,45.28,45.3,45.23,45.28,17198,0
2018-03-29,19:40:00,45.28,45.3667,45.275,45.3,9730,0
2018-03-29,19:45:00,45.31,45.35,45.27,45.3,8700,0
2018-03-29,19:50:00,45.295,45.32,45.25,45.32,16642,0
2018-03-29,19:55:00,45.32,45.39,45.31,45.32,10987,0
2018-03-29,20:00:00,45.32,45.359,45.29,45.315,18653,0
2018-03-29,20:05:00,45.315,45.47,45.315,45.45,22956,0
2018-03-29,20:10:00,45.46,45.55,45.46,45.5,17270,0
2018-03-29,20:15:00,45.5,45.51,45.44,45.44,13566,0
2018-03-29,20:20:00,45.4401,45.4401,45.36,45.39,18922,0
2018-03-29,20:25:00,45.4,45.4,45.36,45.36,12350,0
2018-03-29,20:30:00,45.35,45.42,45.34,45.42,16511,0
2018-03-29,20:35:00,45.43,45.45,45.39,45.41,10891,0
2018-03-29,20:40:00,45.42,45.57,45.42,45.53,15096,0
2018-03-29,20:45:00,45.5,45.57,45.48,45.54,9920,0
2018-03-29,20:50:00,45.55,45.63,45.55,45.63,13422,0
2018-03-29,20:55:00,45.6261,45.6629,45.56,45.57,10803,0
2018-03-29,21:00:00,45.57,45.59,45.47,45.47,10413,0
2018-03-29,21:05:00,45.49,45.5998,45.46,45.5998,15253,0
2018-03-29,21:10:00,45.59,45.62,45.55,45.59,13507,0
2018-03-29,21:15:00,45.59,45.63,45.57,45.61,13291,0
2018-03-29,21:20:00,45.59,45.6,45.55,45.59,9415,0
2018-03-29,21:25:00,45.59,45.599,45.51,45.51,12327,0
2018-03-29,21:30:00,45.5,45.56,45.43,45.535,27720,0
2018-03-29,21:35:00,45.53,45.53,45.39,45.39,23218,0
2018-03-29,21:40:00,45.37,45.4,45.305,45.37,31628,0
2018-03-29,21:45:00,45.37,45.37,45.16,45.17,64228,0
2018-03-29,21:50:00,45.17,45.31,45.15,45.25,106975,0
2018-03-29,21:55:00,45.25,45.26,45.09,45.1,127051,0
2018-03-29,22:00:00,45.09,45.095,44.95,44.96,330534,0
