Date,Time,Open,High,Low,Close,Volume,OpenInt
2018-03-12,14:35:00,12,12.07,12,12.07,4992,0
2018-03-12,14:40:00,12.07,12.21,12.0501,12.18,7000,0
2018-03-12,14:45:00,12.2,12.2,12.13,12.18,3305,0
2018-03-12,14:50:00,12.2,12.25,12.2,12.25,3200,0
2018-03-12,14:55:00,12.22,12.22,12.1701,12.1701,1508,0
2018-03-12,15:00:00,12.22,12.23,12.2,12.23,1900,0
2018-03-12,15:05:00,12.23,12.24,12.2,12.2375,4498,0
2018-03-12,15:10:00,12.25,12.3,12.25,12.2999,1491,0
2018-03-12,15:15:00,12.295,12.37,12.29,12.37,18215,0
2018-03-12,15:20:00,12.3601,12.4,12.36,12.4,3700,0
2018-03-12,15:25:00,12.4,12.4,12.38,12.38,1700,0
2018-03-12,15:30:00,12.38,12.4,12.23,12.32,5103,0
2018-03-12,15:35:00,12.29,12.31,12.27,12.289,700,0
2018-03-12,15:40:00,12.27,12.34,12.27,12.34,1300,0
2018-03-12,15:45:00,12.3101,12.35,12.24,12.25,2487,0
2018-03-12,15:50:00,12.2699,12.27,12.24,12.26,2000,0
2018-03-12,15:55:00,12.2599,12.2599,12.24,12.25,500,0
2018-03-12,16:00:00,12.24,12.24,12.19,12.19,1800,0
2018-03-12,16:05:00,12.169,12.2,12.169,12.2,2003,0
2018-03-12,16:10:00,12.1899,12.19,12.1501,12.18,900,0
2018-03-12,16:15:00,12.19,12.2,12.17,12.17,2400,0
2018-03-12,16:20:00,12.18,12.2,12.16,12.2,800,0
2018-03-12,16:25:00,12.18,12.18,12.11,12.13,2800,0
2018-03-12,16:30:00,12.12,12.15,12.1,12.1,800,0
2018-03-12,16:35:00,12.12,12.14,12.11,12.14,800,0
2018-03-12,16:40:00,12.18,12.18,12.16,12.18,6000,0
2018-03-12,16:45:00,12.19,12.205,12.14,12.18,3900,0
2018-03-12,16:50:00,12.18,12.18,12.03,12.03,2400,0
2018-03-12,16:55:00,12.05,12.09,11.97,12.09,16029,0
2018-03-12,17:00:00,12.1,12.1,12.09,12.1,2000,0
2018-03-12,17:05:00,12.1,12.1,12.0352,12.0352,2029,0
2018-03-12,17:10:00,12.08,12.09,12.08,12.09,300,0
2018-03-12,17:15:00,12.085,12.09,12.05,12.07,1400,0
2018-03-12,17:20:00,12.065,12.33,12.05,12.18,33372,0
2018-03-12,17:25:00,12.165,12.18,12.09,12.14,8075,0
2018-03-12,17:30:00,12.11,12.13,12.1,12.13,1100,0
2018-03-12,17:35:00,12.115,12.19,12.11,12.19,1600,0
2018-03-12,17:40:00,12.22,12.31,12.13,12.14,6800,0
2018-03-12,17:45:00,12.16,12.19,12.13,12.18,2200,0
2018-03-12,17:50:00,12.17,12.175,12.12,12.14,3640,0
2018-03-12,17:55:00,12.14,12.2,12.13,12.13,2400,0
2018-03-12,18:00:00,12.13,12.15,12.06,12.06,3901,0
2018-03-12,18:05:00,12.1,12.11,12.08,12.08,1100,0
2018-03-12,18:10:00,12.12,12.12,12.1,12.1,2100,0
2018-03-12,18:15:00,12.12,12.12,12.03,12.03,2200,0
2018-03-12,18:20:00,12.05,12.06,12.045,12.06,900,0
2018-03-12,18:25:00,12.05,12.1,12.05,12.1,4000,0
2018-03-12,18:30:00,12.1,12.1,12.08,12.08,1800,0
2018-03-12,18:35:00,12.07,12.08,12.03,12.05,1500,0
2018-03-12,18:40:00,12.0599,12.0599,12.03,12.05,1100,0
2018-03-12,18:45:00,12.05,12.09,12.05,12.09,3000,0
2018-03-12,18:50:00,12.09,12.1,12.085,12.1,600,0
2018-03-12,18:55:00,12.09,12.1,12.07,12.1,2200,0
2018-03-12,19:00:00,12.1,12.1,12.07,12.08,2065,0
2018-03-12,19:05:00,12.075,12.1,12.075,12.1,2200,0
2018-03-12,19:10:00,12.09,12.1,12.075,12.1,4800,0
2018-03-12,19:15:00,12.1,12.14,12.0999,12.14,4397,0
2018-03-12,19:20:00,12.14,12.15,12.135,12.14,600,0
2018-03-12,19:25:00,12.14,12.19,12.14,12.15,2200,0
2018-03-12,19:30:00,12.16,12.18,12.12,12.18,1500,0
2018-03-12,19:35:00,12.19,12.28,12.19,12.23,1600,0
2018-03-12,19:40:00,12.2,12.219,12.2,12.21,700,0
2018-03-12,19:45:00,12.21,12.28,12.2,12.205,2701,0
2018-03-12,19:50:00,12.2,12.23,12.17,12.22,2095,0
2018-03-12,19:55:00,12.18,12.2099,12.13,12.17,3080,0
2018-03-12,20:00:00,12.165,12.4,12.15,12.32,8643,0
2018-03-12,20:05:00,12.36,12.41,12.36,12.41,400,0
2018-03-12,20:10:00,12.41,12.42,12.31,12.36,3326,0
2018-03-12,20:15:00,12.38,12.38,12.34,12.34,800,0
2018-03-12,20:20:00,12.355,12.36,12.32,12.325,900,0
2018-03-12,20:25:00,12.33,12.33,12.25,12.25,3800,0
2018-03-12,20:30:00,12.27,12.27,12.25,12.265,600,0
2018-03-12,20:35:00,12.265,12.265,12.24,12.25,5189,0
2018-03-12,20:40:00,12.23,12.24,12.21,12.23,1094,0
2018-03-12,20:45:00,12.24,12.28,12.19,12.19,3194,0
2018-03-12,20:50:00,12.23,12.26,12.23,12.26,3305,0
2018-03-12,20:55:00,12.25,12.3,12.25,12.27,6250,0
2018-03-12,21:00:00,12.27,12.31,12.26,12.27,17267,0
2018-03-13,14:35:00,12.25,12.26,12.16,12.26,5890,0
2018-03-13,14:40:00,12.2,12.25,12.2,12.24,2342,0
2018-03-13,14:45:00,12.24,12.3,12.18,12.24,5305,0
2018-03-13,14:50:00,12.2,12.27,12.2,12.26,3200,0
2018-03-13,14:55:00,12.235,12.25,12.2139,12.22,1000,0
2018-03-13,15:00:00,12.25,12.25,12.16,12.17,3700,0
2018-03-13,15:05:00,12.18,12.18,12.03,12.06,8300,0
2018-03-13,15:10:00,12.03,12.1,12.02,12.1,1100,0
2018-03-13,15:15:00,12.1,12.15,12.0999,12.15,2300,0
2018-03-13,15:20:00,12.16,12.2499,12.16,12.205,1700,0
2018-03-13,15:25:00,12.19,12.19,12.11,12.14,3395,0
2018-03-13,15:30:00,12.15,12.15,12.15,12.15,500,0
2018-03-13,15:35:00,12.15,12.16,12.14,12.16,2602,0
2018-03-13,15:40:00,12.115,12.115,11.99,11.99,4203,0
2018-03-13,15:45:00,12.06,12.06,11.9899,12.01,5758,0
2018-03-13,15:50:00,12.025,12.07,12.01,12.01,1029,0
2018-03-13,15:55:00,12.0699,12.0699,12,12,1076,0
2018-03-13,16:00:00,12.03,12.03,11.96,11.96,2400,0
2018-03-13,16:05:00,11.95,11.95,11.91,11.9299,1200,0
2018-03-13,16:10:00,11.94,11.94,11.91,11.91,800,0
2018-03-13,16:15:00,11.93,11.93,11.91,11.91,600,0
2018-03-13,16:20:00,11.9,11.9,11.82,11.82,1500,0
2018-03-13,16:25:00,11.83,11.84,11.815,11.815,705,0
2018-03-13,16:30:00,11.82,11.8211,11.77,11.82,3462,0
2018-03-13,16:35:00,11.8299,11.84,11.8299,11.83,900,0
2018-03-13,16:40:00,11.86,11.869,11.83,11.85,7054,0
2018-03-13,16:45:00,11.85,11.86,11.85,11.86,300,0
2018-03-13,16:50:00,11.86,11.91,11.845,11.91,1000,0
2018-03-13,16:55:00,11.93,11.93,11.9,11.91,1510,0
2018-03-13,17:00:00,11.94,11.94,11.88,11.94,1800,0
2018-03-13,17:05:00,11.94,11.97,11.92,11.955,1200,0
2018-03-13,17:10:00,11.98,11.98,11.91,11.91,1350,0
2018-03-13,17:15:00,11.94,11.94,11.9,11.9,400,0
2018-03-13,17:20:00,11.9,11.93,11.9,11.92,800,0
2018-03-13,17:25:00,11.91,11.91,11.9,11.9,500,0
2018-03-13,17:30:00,11.9,11.91,11.9,11.91,300,0
2018-03-13,17:35:00,11.91,11.91,11.9,11.9,500,0
2018-03-13,17:40:00,11.91,11.94,11.91,11.94,1191,0
2018-03-13,17:45:00,11.94,11.94,11.9,11.9,700,0
2018-03-13,17:50:00,11.92,11.95,11.91,11.91,500,0
2018-03-13,17:55:00,11.9499,11.9499,11.91,11.94,400,0
2018-03-13,18:00:00,11.95,11.95,11.95,11.95,205,0
2018-03-13,18:05:00,11.93,11.96,11.93,11.96,200,0
2018-03-13,18:10:00,11.93,11.98,11.93,11.95,1600,0
2018-03-13,18:15:00,11.98,12,11.96,11.96,1600,0
2018-03-13,18:20:00,11.94,11.99,11.94,11.99,1010,0
2018-03-13,18:25:00,11.99,12,11.96,11.96,400,0
2018-03-13,18:30:00,11.96,11.98,11.95,11.95,1400,0
2018-03-13,18:35:00,11.99,11.99,11.91,11.95,2609,0
2018-03-13,18:40:00,11.96,11.975,11.95,11.975,900,0
2018-03-13,18:45:00,11.98,11.98,11.96,11.96,1600,0
2018-03-13,18:50:00,11.96,11.96,11.94,11.94,300,0
2018-03-13,18:55:00,11.92,11.92,11.92,11.92,300,0
2018-03-13,19:00:00,11.95,11.97,11.93,11.95,3700,0
2018-03-13,19:05:00,11.98,12.01,11.95,12.01,1000,0
2018-03-13,19:10:00,12,12,11.98,11.98,1100,0
2018-03-13,19:15:00,11.97,11.97,11.97,11.97,200,0
2018-03-13,19:20:00,11.95,11.98,11.95,11.95,2200,0
2018-03-13,19:25:00,11.98,11.98,11.93,11.96,1200,0
2018-03-13,19:30:00,11.93,12,11.92,12,5289,0
2018-03-13,19:35:00,11.99,11.99,11.96,11.96,6400,0
2018-03-13,19:40:00,11.97,11.97,11.95,11.96,1600,0
2018-03-13,19:45:00,11.97,11.97,11.93,11.95,1700,0
2018-03-13,19:50:00,11.94,11.94,11.91,11.94,500,0
2018-03-13,19:55:00,11.94,11.97,11.94,11.95,785,0
2018-03-13,20:00:00,11.93,11.93,11.93,11.93,500,0
2018-03-13,20:05:00,11.95,11.95,11.93,11.93,1000,0
2018-03-13,20:10:00,11.92,11.98,11.92,11.94,800,0
2018-03-13,20:15:00,11.96,11.97,11.95,11.96,2400,0
2018-03-13,20:20:00,11.96,11.98,11.95,11.97,1100,0
2018-03-13,20:25:00,11.96,11.96,11.91,11.91,2700,0
2018-03-13,20:30:00,11.91,11.94,11.88,11.92,2850,0
2018-03-13,20:35:00,11.91,11.95,11.88,11.92,7576,0
2018-03-13,20:40:00,11.915,11.92,11.91,11.915,4119,0
2018-03-13,20:45:00,11.91,11.92,11.88,11.88,4333,0
2018-03-13,20:50:00,11.9,11.92,11.86,11.86,4714,0
2018-03-13,20:55:00,11.88,11.95,11.87,11.95,10815,0
2018-03-13,21:00:00,11.95,11.99,11.93,11.94,31225,0
2018-03-14,14:35:00,11.95,11.95,11.95,11.95,2058,0
2018-03-14,14:40:00,11.89,11.91,11.89,11.91,200,0
2018-03-14,14:45:00,11.98,11.98,11.98,11.98,100,0
2018-03-14,14:50:00,11.92,11.98,11.89,11.92,3000,0
2018-03-14,14:55:00,11.96,12.02,11.96,11.97,11000,0
2018-03-14,15:00:00,12.05,12.06,12.03,12.05,1200,0
2018-03-14,15:05:00,12.14,12.155,12.13,12.14,2177,0
2018-03-14,15:10:00,12.1625,12.25,12.1625,12.23,2571,0
2018-03-14,15:15:00,12.23,12.23,12.2,12.2,2230,0
2018-03-14,15:20:00,12.22,12.22,12.06,12.09,6500,0
2018-03-14,15:25:00,12.15,12.2,12.14,12.2,900,0
2018-03-14,15:30:00,12.195,12.2,11.9905,12.14,4388,0
2018-03-14,15:35:00,12.14,12.1505,12.09,12.1,2700,0
2018-03-14,15:40:00,12.1,12.13,12.04,12.05,1400,0
2018-03-14,15:45:00,12.09,12.09,12.01,12.01,1100,0
2018-03-14,15:50:00,12,12,11.99,11.99,400,0
2018-03-14,16:00:00,12.03,12.03,11.97,11.97,200,0
2018-03-14,16:05:00,11.99,12.02,11.99,12,2526,0
2018-03-14,16:10:00,12.03,12.05,12.01,12.05,800,0
2018-03-14,16:15:00,12.08,12.09,12.06,12.09,300,0
2018-03-14,16:20:00,12.07,12.09,12.07,12.09,1000,0
2018-03-14,16:25:00,12.07,12.07,12.05,12.05,600,0
2018-03-14,16:30:00,12.07,12.07,12.07,12.07,100,0
2018-03-14,16:35:00,12.02,12.04,12.01,12.04,800,0
2018-03-14,16:40:00,12,12.01,12,12.01,1174,0
2018-03-14,16:45:00,12,12,11.96,11.975,2300,0
2018-03-14,16:50:00,11.97,11.98,11.92,11.98,1200,0
2018-03-14,16:55:00,11.9999,12,11.9999,12,200,0
2018-03-14,17:00:00,11.97,11.99,11.96,11.97,800,0
2018-03-14,17:05:00,11.97,11.97,11.88,11.92,2800,0
2018-03-14,17:10:00,11.88,11.93,11.88,11.93,500,0
2018-03-14,17:15:00,11.9,11.9,11.81,11.87,2700,0
2018-03-14,17:20:00,11.83,11.86,11.82,11.86,700,0
2018-03-14,17:25:00,11.84,11.88,11.83,11.85,1600,0
2018-03-14,17:30:00,11.88,11.97,11.88,11.97,2502,0
2018-03-14,17:35:00,12,12,12,12,200,0
2018-03-14,17:40:00,12,12,11.97,11.9798,1293,0
2018-03-14,17:45:00,12,12.02,11.9999,12.01,1400,0
2018-03-14,17:50:00,12.01,12.015,12.01,12.015,1100,0
2018-03-14,17:55:00,12.01,12.0136,12.01,12.0136,720,0
2018-03-14,18:00:00,12.01,12.01,11.98,11.98,1100,0
2018-03-14,18:05:00,11.97,11.97,11.97,11.97,100,0
2018-03-14,18:10:00,11.99,11.99,11.99,11.99,200,0
2018-03-14,18:15:00,11.9899,11.99,11.9899,11.99,200,0
2018-03-14,18:25:00,11.99,12.02,11.98,12.0136,3000,0
2018-03-14,18:30:00,12.03,12.03,12.01,12.01,800,0
2018-03-14,18:35:00,12.01,12.02,12.01,12.01,1050,0
2018-03-14,18:40:00,12.03,12.05,12.0125,12.05,2700,0
2018-03-14,18:45:00,12.05,12.05,12.05,12.05,200,0
2018-03-14,18:50:00,12.05,12.05,12.05,12.05,200,0
2018-03-14,18:55:00,12.05,12.08,12.03,12.07,2891,0
2018-03-14,19:00:00,12.09,12.09,12.04,12.04,2410,0
2018-03-14,19:05:00,12.05,12.05,12.04,12.05,600,0
2018-03-14,19:10:00,12.03,12.05,12.03,12.05,600,0
2018-03-14,19:15:00,12.0499,12.05,12.0499,12.05,200,0
2018-03-14,19:25:00,12.05,12.11,12.05,12.11,2300,0
2018-03-14,19:30:00,12.13,12.2,12.13,12.2,500,0
2018-03-14,19:35:00,12.2,12.2,12.14,12.14,1900,0
2018-03-14,19:40:00,12.13,12.13,12.03,12.03,1200,0
2018-03-14,19:45:00,12.07,12.08,12.07,12.07,1100,0
2018-03-14,19:50:00,12.07,12.11,12.06,12.08,2400,0
2018-03-14,19:55:00,12.09,12.095,12.08,12.09,3600,0
2018-03-14,20:00:00,12.08,12.08,12.05,12.05,5300,0
2018-03-14,20:05:00,12.05,12.05,12.03,12.03,2600,0
2018-03-14,20:10:00,12.02,12.02,12.01,12.01,1400,0
2018-03-14,20:15:00,12.01,12.05,12.01,12.05,2300,0
2018-03-14,20:20:00,12.045,12.05,12.02,12.02,3900,0
2018-03-14,20:25:00,12.0101,12.03,11.96,11.96,3605,0
2018-03-14,20:30:00,11.96,11.96,11.89,11.93,3047,0
2018-03-14,20:35:00,11.9001,12.03,11.9,11.98,9400,0
2018-03-14,20:40:00,12,12.03,11.95,12.01,8394,0
2018-03-14,20:45:00,12.02,12.05,12.02,12.0301,4400,0
2018-03-14,20:50:00,12.03,12.05,12,12.03,6479,0
2018-03-14,20:55:00,12.03,12.07,12.03,12.05,2700,0
2018-03-14,21:00:00,12.04,12.05,12.02,12.04,20432,0
2018-03-15,14:35:00,12.02,12.16,12.02,12.16,6193,0
2018-03-15,14:40:00,12.2,12.3,12.18,12.3,1100,0
2018-03-15,14:45:00,12.2201,12.2201,12.17,12.22,1800,0
2018-03-15,14:50:00,12.2101,12.46,12.2101,12.4101,5000,0
2018-03-15,14:55:00,12.4404,12.49,12.2809,12.2809,1766,0
2018-03-15,15:00:00,12.38,12.38,12.3799,12.38,700,0
2018-03-15,15:05:00,12.39,12.63,12.39,12.61,8750,0
2018-03-15,15:10:00,12.61,12.71,12.59,12.68,7600,0
2018-03-15,15:15:00,12.74,12.74,12.69,12.69,3299,0
2018-03-15,15:20:00,12.67,12.84,12.66,12.84,4800,0
2018-03-15,15:25:00,12.868,12.9,12.86,12.895,650,0
2018-03-15,15:30:00,12.88,12.88,12.81,12.8305,1668,0
2018-03-15,15:40:00,12.84,12.84,12.84,12.84,100,0
2018-03-15,15:45:00,12.81,12.825,12.65,12.65,3194,0
2018-03-15,15:50:00,12.615,12.65,12.615,12.65,200,0
2018-03-15,15:55:00,12.6,12.6,12.42,12.51,5648,0
2018-03-15,16:00:00,12.4825,12.56,12.4825,12.56,200,0
2018-03-15,16:05:00,12.5,12.55,12.5,12.5,500,0
2018-03-15,16:10:00,12.49,12.49,12.46,12.46,900,0
2018-03-15,16:15:00,12.44,12.44,12.4,12.4,500,0
2018-03-15,16:20:00,12.4699,12.47,12.4699,12.47,200,0
2018-03-15,16:25:00,12.43,12.43,12.385,12.43,1800,0
2018-03-15,16:30:00,12.4399,12.49,12.43,12.49,1700,0
2018-03-15,16:35:00,12.49,12.49,12.48,12.48,200,0
2018-03-15,16:40:00,12.47,12.47,12.46,12.46,400,0
2018-03-15,16:45:00,12.445,12.445,12.445,12.445,200,0
2018-03-15,16:50:00,12.46,12.49,12.46,12.47,1176,0
2018-03-15,16:55:00,12.4799,12.48,12.4,12.43,5000,0
2018-03-15,17:00:00,12.4,12.4001,12.3,12.37,8600,0
2018-03-15,17:05:00,12.39,12.39,12.35,12.35,1192,0
2018-03-15,17:10:00,12.35,12.36,12.31,12.36,1300,0
2018-03-15,17:15:00,12.37,12.39,12.27,12.32,5600,0
2018-03-15,17:20:00,12.32,12.34,12.31,12.32,900,0
2018-03-15,17:25:00,12.3299,12.34,12.29,12.34,600,0
2018-03-15,17:30:00,12.37,12.44,12.36,12.41,1500,0
2018-03-15,17:35:00,12.44,12.4793,12.44,12.475,900,0
2018-03-15,17:40:00,12.45,12.45,12.44,12.44,300,0
2018-03-15,17:45:00,12.435,12.44,12.43,12.43,740,0
2018-03-15,17:50:00,12.42,12.42,12.39,12.39,1360,0
2018-03-15,17:55:00,12.38,12.41,12.38,12.38,600,0
2018-03-15,18:00:00,12.3799,12.38,12.3799,12.38,200,0
2018-03-15,18:05:00,12.41,12.45,12.4,12.45,700,0
2018-03-15,18:10:00,12.4799,12.4799,12.4799,12.4799,100,0
2018-03-15,18:15:00,12.49,12.49,12.48,12.48,200,0
2018-03-15,18:20:00,12.53,12.53,12.46,12.46,1000,0
2018-03-15,18:25:00,12.47,12.49,12.47,12.49,700,0
2018-03-15,18:30:00,12.46,12.51,12.46,12.51,800,0
2018-03-15,18:40:00,12.49,12.54,12.49,12.54,400,0
2018-03-15,18:45:00,12.52,12.52,12.49,12.49,400,0
2018-03-15,18:50:00,12.48,12.48,12.44,12.48,500,0
2018-03-15,19:00:00,12.5,12.53,12.49,12.49,900,0
2018-03-15,19:05:00,12.49,12.49,12.47,12.49,1460,0
2018-03-15,19:10:00,12.47,12.51,12.47,12.49,900,0
2018-03-15,19:15:00,12.5,12.51,12.5,12.51,400,0
2018-03-15,19:20:00,12.52,12.53,12.5,12.53,400,0
2018-03-15,19:25:00,12.5299,12.5299,12.5299,12.5299,200,0
2018-03-15,19:30:00,12.52,12.58,12.52,12.58,2500,0
2018-03-15,19:35:00,12.6204,12.6204,12.6204,12.6204,600,0
2018-03-15,19:40:00,12.59,12.62,12.59,12.62,600,0
2018-03-15,19:45:00,12.59,12.63,12.59,12.63,500,0
2018-03-15,19:50:00,12.646,12.646,12.646,12.646,300,0
2018-03-15,19:55:00,12.655,12.655,12.65,12.65,700,0
2018-03-15,20:00:00,12.63,12.63,12.49,12.5,7900,0
2018-03-15,20:10:00,12.52,12.52,12.52,12.52,100,0
2018-03-15,20:15:00,12.52,12.57,12.52,12.57,2250,0
2018-03-15,20:20:00,12.57,12.57,12.546,12.546,350,0
2018-03-15,20:25:00,12.57,12.58,12.57,12.58,721,0
2018-03-15,20:30:00,12.61,12.66,12.61,12.66,1000,0
2018-03-15,20:35:00,12.69,12.72,12.66,12.69,3900,0
2018-03-15,20:40:00,12.69,12.6999,12.66,12.66,1511,0
2018-03-15,20:45:00,12.6499,12.68,12.62,12.66,2135,0
2018-03-15,20:50:00,12.68,12.7,12.66,12.67,2906,0
2018-03-15,20:55:00,12.66,12.699,12.66,12.69,4942,0
2018-03-15,21:00:00,12.6899,12.72,12.6899,12.7,18543,0
2018-03-16,14:35:00,12.69,12.82,12.69,12.82,20437,0
2018-03-16,14:40:00,12.8,12.8,12.76,12.8,440,0
2018-03-16,14:45:00,12.77,12.77,12.76,12.76,800,0
2018-03-16,14:50:00,12.735,12.8,12.72,12.8,3050,0
2018-03-16,14:55:00,12.8248,12.84,12.8248,12.84,1662,0
2018-03-16,15:05:00,12.825,12.825,12.81,12.81,1300,0
2018-03-16,15:10:00,12.76,12.76,12.7,12.72,2200,0
2018-03-16,15:15:00,12.72,12.81,12.7,12.81,1950,0
2018-03-16,15:20:00,12.81,12.81,12.81,12.81,100,0
2018-03-16,15:25:00,12.8206,12.86,12.8206,12.85,1137,0
2018-03-16,15:30:00,12.85,12.86,12.79,12.8,2950,0
2018-03-16,15:35:00,12.8,12.86,12.8,12.85,1360,0
2018-03-16,15:40:00,12.88,12.88,12.88,12.88,200,0
2018-03-16,15:45:00,12.88,12.88,12.8,12.8,200,0
2018-03-16,15:50:00,12.79,12.8,12.74,12.8,3050,0
2018-03-16,15:55:00,12.85,12.85,12.85,12.85,100,0
2018-03-16,16:00:00,12.8172,12.8172,12.76,12.76,1100,0
2018-03-16,16:05:00,12.775,12.78,12.775,12.78,400,0
2018-03-16,16:15:00,12.7899,12.79,12.7899,12.79,900,0
2018-03-16,16:20:00,12.77,12.77,12.77,12.77,100,0
2018-03-16,16:25:00,12.78,12.78,12.75,12.76,1200,0
2018-03-16,16:30:00,12.76,12.8,12.76,12.8,1052,0
2018-03-16,16:40:00,12.77,12.77,12.77,12.77,100,0
2018-03-16,16:45:00,12.77,12.77,12.77,12.77,134,0
2018-03-16,16:50:00,12.76,12.76,12.76,12.76,100,0
2018-03-16,16:55:00,12.75,12.83,12.72,12.82,3000,0
2018-03-16,17:10:00,12.82,12.84,12.78,12.81,1400,0
2018-03-16,17:15:00,12.8,12.8,12.8,12.8,200,0
2018-03-16,17:20:00,12.76,12.76,12.76,12.76,100,0
2018-03-16,17:25:00,12.77,12.8,12.73,12.8,2200,0
2018-03-16,17:30:00,12.77,12.785,12.75,12.75,500,0
2018-03-16,17:35:00,12.77,12.86,12.77,12.86,6237,0
2018-03-16,17:40:00,12.86,12.92,12.86,12.91,4029,0
2018-03-16,17:45:00,12.8601,12.8601,12.78,12.83,2500,0
2018-03-16,17:50:00,12.83,12.83,12.83,12.83,400,0
2018-03-16,17:55:00,12.84,12.87,12.83,12.83,600,0
2018-03-16,18:00:00,12.88,12.88,12.88,12.88,100,0
2018-03-16,18:05:00,12.89,12.91,12.84,12.84,1300,0
2018-03-16,18:10:00,12.86,12.88,12.8486,12.8601,2499,0
2018-03-16,18:15:00,12.86,12.86,12.86,12.86,200,0
2018-03-16,18:20:00,12.84,12.84,12.84,12.84,100,0
2018-03-16,18:25:00,12.81,12.83,12.76,12.81,2100,0
2018-03-16,18:30:00,12.8,12.84,12.8,12.82,1500,0
2018-03-16,18:35:00,12.82,12.83,12.82,12.83,200,0
2018-03-16,18:40:00,12.87,12.87,12.87,12.87,100,0
2018-03-16,18:45:00,12.845,12.845,12.82,12.82,300,0
2018-03-16,18:50:00,12.8399,12.85,12.82,12.85,900,0
2018-03-16,19:00:00,12.85,12.85,12.825,12.84,800,0
2018-03-16,19:05:00,12.83,12.83,12.82,12.82,376,0
2018-03-16,19:10:00,12.81,12.81,12.81,12.81,200,0
2018-03-16,19:15:00,12.78,12.78,12.75,12.75,400,0
2018-03-16,19:20:00,12.78,12.79,12.7401,12.78,2200,0
2018-03-16,19:25:00,12.78,12.78,12.78,12.78,100,0
2018-03-16,19:30:00,12.78,12.78,12.78,12.78,716,0
2018-03-16,19:35:00,12.78,12.78,12.7493,12.78,2750,0
2018-03-16,19:40:00,12.75,12.75,12.68,12.72,6560,0
2018-03-16,19:45:00,12.7199,12.72,12.7,12.71,1458,0
2018-03-16,19:50:00,12.71,12.825,12.71,12.78,5547,0
2018-03-16,19:55:00,12.829,12.8675,12.82,12.8675,2268,0
2018-03-16,20:05:00,12.85,12.8525,12.82,12.83,2676,0
2018-03-16,20:10:00,12.83,12.85,12.79,12.85,810,0
2018-03-16,20:15:00,12.85,12.85,12.85,12.85,100,0
2018-03-16,20:25:00,12.81,12.8299,12.77,12.82,980,0
2018-03-16,20:30:00,12.77,12.81,12.77,12.81,400,0
2018-03-16,20:35:00,12.76,12.77,12.76,12.77,400,0
2018-03-16,20:40:00,12.8,12.81,12.77,12.8,1700,0
2018-03-16,20:45:00,12.76,12.81,12.76,12.77,1100,0
2018-03-16,20:50:00,12.8,12.89,12.78,12.89,6590,0
2018-03-16,20:55:00,12.89,12.9,12.87,12.9,9016,0
2018-03-16,21:00:00,12.9,12.91,12.85,12.87,36415,0
2018-03-19,14:35:00,12.92,12.92,12.8,12.8,9481,0
2018-03-19,14:40:00,12.6,12.6,12.6,12.6,2000,0
2018-03-19,14:45:00,12.72,12.72,12.72,12.72,100,0
2018-03-19,14:50:00,12.66,12.73,12.63,12.684,5143,0
2018-03-19,14:55:00,12.75,12.87,12.75,12.87,950,0
2018-03-19,15:05:00,12.86,12.93,12.86,12.9201,11823,0
2018-03-19,15:10:00,12.95,12.95,12.92,12.93,2964,0
2018-03-19,15:15:00,12.9,12.94,12.9,12.94,3220,0
2018-03-19,15:20:00,12.935,12.96,12.68,12.68,4850,0
2018-03-19,15:25:00,12.73,12.73,12.6,12.6,1250,0
2018-03-19,15:30:00,12.61,12.67,12.6,12.6,9100,0
2018-03-19,15:35:00,12.59,12.62,12.54,12.54,1375,0
2018-03-19,15:40:00,12.55,12.57,12.47,12.48,3100,0
2018-03-19,15:45:00,12.52,12.57,12.505,12.57,2600,0
2018-03-19,15:50:00,12.57,12.57,12.55,12.55,200,0
2018-03-19,15:55:00,12.52,12.52,12.43,12.43,1900,0
2018-03-19,16:00:00,12.42,12.46,12.37,12.4,2724,0
2018-03-19,16:05:00,12.44,12.44,12.27,12.27,3000,0
2018-03-19,16:10:00,12.29,12.4,12.24,12.33,5142,0
2018-03-19,16:15:00,12.38,12.39,12.32,12.37,1800,0
2018-03-19,16:20:00,12.37,12.38,12.34,12.34,1100,0
2018-03-19,16:25:00,12.36,12.36,12.27,12.27,1500,0
2018-03-19,16:30:00,12.28,12.28,12.05,12.17,16653,0
2018-03-19,16:35:00,12.27,12.28,12.21,12.22,1614,0
2018-03-19,16:40:00,12.27,12.31,12.21,12.3099,5425,0
2018-03-19,16:45:00,12.31,12.36,12.28,12.32,3300,0
2018-03-19,16:50:00,12.36,12.37,12.31,12.31,2400,0
2018-03-19,16:55:00,12.34,12.3768,12.31,12.34,1400,0
2018-03-19,17:00:00,12.37,12.39,12.36,12.36,1200,0
2018-03-19,17:05:00,12.36,12.3601,12.28,12.35,2100,0
2018-03-19,17:10:00,12.351,12.351,12.31,12.31,1000,0
2018-03-19,17:15:00,12.29,12.29,12.28,12.28,600,0
2018-03-19,17:20:00,12.32,12.32,12.18,12.18,2000,0
2018-03-19,17:25:00,12.17,12.2,12.14,12.17,600,0
2018-03-19,17:30:00,12.17,12.2199,12.1,12.17,2082,0
2018-03-19,17:35:00,12.13,12.19,12.11,12.11,1100,0
2018-03-19,17:40:00,12.12,12.16,12.11,12.11,900,0
2018-03-19,17:45:00,12.12,12.13,12.09,12.12,600,0
2018-03-19,17:50:00,12.09,12.12,12.08,12.09,500,0
2018-03-19,17:55:00,12.08,12.08,11.94,11.97,8375,0
2018-03-19,18:00:00,11.98,12.01,11.95,11.98,2600,0
2018-03-19,18:05:00,11.98,11.98,11.84,11.9499,3655,0
2018-03-19,18:10:00,11.9,11.93,11.85,11.86,1400,0
2018-03-19,18:15:00,11.87,11.91,11.82,11.85,1000,0
2018-03-19,18:20:00,11.85,11.92,11.76,11.92,9303,0
2018-03-19,18:25:00,11.93,11.98,11.91,11.94,1962,0
2018-03-19,18:30:00,11.98,12.1,11.975,12.1,7200,0
2018-03-19,18:35:00,12.1,12.1,12.06,12.06,700,0
2018-03-19,18:40:00,12.1,12.11,12.06,12.11,1900,0
2018-03-19,18:45:00,12.12,12.2,12.12,12.18,900,0
2018-03-19,18:50:00,12.19,12.19,12.11,12.11,700,0
2018-03-19,18:55:00,12.1,12.14,12.07,12.14,9805,0
2018-03-19,19:00:00,12.15,12.22,12.11,12.22,4785,0
2018-03-19,19:05:00,12.22,12.22,12.18,12.2,700,0
2018-03-19,19:10:00,12.15,12.15,12.11,12.11,900,0
2018-03-19,19:15:00,12.12,12.14,12.05,12.05,1910,0
2018-03-19,19:20:00,12.1,12.1,12.03,12.055,1500,0
2018-03-19,19:25:00,12.06,12.08,12.055,12.06,1400,0
2018-03-19,19:30:00,12.065,12.11,12.065,12.095,800,0
2018-03-19,19:35:00,12.095,12.095,12.065,12.09,1100,0
2018-03-19,19:40:00,12.09,12.24,12.085,12.24,5703,0
2018-03-19,19:45:00,12.23,12.27,12.2,12.27,1500,0
2018-03-19,19:50:00,12.2236,12.23,12.21,12.23,450,0
2018-03-19,19:55:00,12.21,12.21,12.21,12.21,100,0
2018-03-19,20:00:00,12.22,12.22,12.22,12.22,300,0
2018-03-19,20:05:00,12.16,12.16,12.16,12.16,100,0
2018-03-19,20:10:00,12.1825,12.1825,12.13,12.16,1045,0
2018-03-19,20:15:00,12.1,12.16,12.06,12.06,819,0
2018-03-19,20:20:00,12.1,12.19,12.1,12.19,4846,0
2018-03-19,20:25:00,12.19,12.19,12.19,12.19,300,0
2018-03-19,20:30:00,12.19,12.19,12.19,12.19,200,0
2018-03-19,20:35:00,12.16,12.21,12.13,12.21,3538,0
2018-03-19,20:40:00,12.1801,12.24,12.1801,12.24,1849,0
2018-03-19,20:45:00,12.28,12.33,12.27,12.33,1404,0
2018-03-19,20:50:00,12.33,12.4101,12.33,12.4,8002,0
2018-03-19,20:55:00,12.41,12.42,12.39,12.41,2082,0
2018-03-19,21:00:00,12.4,12.4,12.32,12.34,18015,0
2018-03-20,14:35:00,12.32,12.32,12.32,12.32,1146,0
2018-03-20,14:45:00,12.405,12.405,12.405,12.405,200,0
2018-03-20,14:50:00,12.275,12.37,12.275,12.37,200,0
2018-03-20,14:55:00,12.33,12.3799,12.32,12.3799,500,0
2018-03-20,15:00:00,12.37,12.37,12.32,12.35,700,0
2018-03-20,15:05:00,12.32,12.365,12.32,12.365,1200,0
2018-03-20,15:10:00,12.341,12.4,12.34,12.395,4815,0
2018-03-20,15:15:00,12.42,12.42,12.4,12.42,900,0
2018-03-20,15:20:00,12.47,12.5383,12.46,12.51,2914,0
2018-03-20,15:25:00,12.51,12.52,12.49,12.52,700,0
2018-03-20,15:30:00,12.515,12.67,12.515,12.64,1000,0
2018-03-20,15:35:00,12.63,12.63,12.49,12.49,4900,0
2018-03-20,15:40:00,12.54,12.57,12.525,12.545,1000,0
2018-03-20,15:45:00,12.55,12.57,12.54,12.54,1100,0
2018-03-20,15:50:00,12.56,12.61,12.5507,12.575,800,0
2018-03-20,16:00:00,12.61,12.6299,12.61,12.62,600,0
2018-03-20,16:05:00,12.63,12.65,12.62,12.62,600,0
2018-03-20,16:10:00,12.54,12.57,12.54,12.57,700,0
2018-03-20,16:15:00,12.555,12.555,12.53,12.53,400,0
2018-03-20,16:20:00,12.52,12.53,12.52,12.53,500,0
2018-03-20,16:25:00,12.54,12.59,12.54,12.59,557,0
2018-03-20,16:30:00,12.6,12.66,12.57,12.66,1683,0
2018-03-20,16:35:00,12.6499,12.6499,12.61,12.62,600,0
2018-03-20,16:40:00,12.605,12.6199,12.59,12.605,500,0
2018-03-20,16:45:00,12.61,12.61,12.6,12.6,200,0
2018-03-20,16:50:00,12.51,12.57,12.51,12.57,600,0
2018-03-20,16:55:00,12.535,12.57,12.525,12.525,600,0
2018-03-20,17:00:00,12.54,12.545,12.52,12.53,500,0
2018-03-20,17:05:00,12.505,12.505,12.505,12.505,100,0
2018-03-20,17:10:00,12.52,12.54,12.51,12.51,300,0
2018-03-20,17:15:00,12.54,12.57,12.54,12.57,200,0
2018-03-20,17:20:00,12.525,12.53,12.525,12.53,400,0
2018-03-20,17:25:00,12.545,12.57,12.545,12.57,400,0
2018-03-20,17:30:00,12.545,12.545,12.5,12.5,200,0
2018-03-20,17:35:00,12.505,12.535,12.48,12.535,500,0
2018-03-20,17:40:00,12.54,12.55,12.54,12.55,200,0
2018-03-20,17:45:00,12.555,12.555,12.53,12.53,200,0
2018-03-20,17:50:00,12.48,12.52,12.47,12.505,2000,0
2018-03-20,17:55:00,12.51,12.56,12.51,12.53,2200,0
2018-03-20,18:00:00,12.55,12.55,12.535,12.535,300,0
2018-03-20,18:05:00,12.55,12.559,12.545,12.545,500,0
2018-03-20,18:10:00,12.515,12.515,12.495,12.495,1300,0
2018-03-20,18:15:00,12.4999,12.51,12.49,12.51,3100,0
2018-03-20,18:20:00,12.5099,12.54,12.495,12.54,700,0
2018-03-20,18:25:00,12.505,12.51,12.505,12.51,200,0
2018-03-20,18:30:00,12.525,12.525,12.525,12.525,100,0
2018-03-20,18:35:00,12.525,12.525,12.525,12.525,100,0
2018-03-20,18:45:00,12.48,12.49,12.48,12.48,1000,0
2018-03-20,18:50:00,12.46,12.47,12.4495,12.47,1400,0
2018-03-20,18:55:00,12.46,12.475,12.46,12.475,2200,0
2018-03-20,19:00:00,12.47,12.47,12.39,12.41,9500,0
2018-03-20,19:05:00,12.43,12.48,12.41,12.44,6300,0
2018-03-20,19:10:00,12.49,12.49,12.455,12.475,1000,0
2018-03-20,19:15:00,12.475,12.59,12.47,12.58,6074,0
2018-03-20,19:20:00,12.59,12.63,12.565,12.63,1000,0
2018-03-20,19:25:00,12.61,12.69,12.61,12.69,600,0
2018-03-20,19:30:00,12.65,12.72,12.65,12.7199,4075,0
2018-03-20,19:35:00,12.71,12.8,12.71,12.799,4927,0
2018-03-20,19:40:00,12.8,12.89,12.79,12.86,2119,0
2018-03-20,19:45:00,12.8699,12.92,12.86,12.9,3600,0
2018-03-20,19:50:00,12.91,12.96,12.9,12.96,800,0
2018-03-20,19:55:00,12.85,12.85,12.85,12.85,100,0
2018-03-20,20:00:00,12.81,12.85,12.81,12.85,2500,0
2018-03-20,20:10:00,12.84,12.84,12.82,12.84,600,0
2018-03-20,20:15:00,12.85,12.85,12.85,12.85,100,0
2018-03-20,20:20:00,12.82,12.84,12.8,12.84,600,0
2018-03-20,20:25:00,12.83,12.88,12.81,12.88,7359,0
2018-03-20,20:30:00,12.9,12.9,12.85,12.89,400,0
2018-03-20,20:35:00,12.87,12.88,12.8,12.8,600,0
2018-03-20,20:40:00,12.84,12.84,12.7,12.74,1700,0
2018-03-20,20:45:00,12.69,12.6953,12.67,12.67,2000,0
2018-03-20,20:50:00,12.67,12.69,12.65,12.69,900,0
2018-03-20,20:55:00,12.68,12.72,12.68,12.72,4442,0
2018-03-20,21:00:00,12.73,12.74,12.68,12.68,16854,0
2018-03-21,14:35:00,12.65,12.65,12.62,12.62,3860,0
2018-03-21,14:40:00,12.6,12.65,12.6,12.65,1500,0
2018-03-21,14:45:00,12.64,12.64,12.62,12.62,400,0
2018-03-21,14:50:00,12.63,12.78,12.63,12.78,3630,0
2018-03-21,14:55:00,12.78,12.8,12.78,12.8,1450,0
2018-03-21,15:00:00,12.81,12.87,12.81,12.81,1120,0
2018-03-21,15:05:00,12.8,12.84,12.8,12.84,200,0
2018-03-21,15:10:00,12.85,12.85,12.82,12.82,2100,0
2018-03-21,15:15:00,12.77,12.785,12.75,12.75,2980,0
2018-03-21,15:20:00,12.7399,12.7399,12.718,12.73,800,0
2018-03-21,15:25:00,12.73,12.8,12.73,12.8,900,0
2018-03-21,15:30:00,12.76,12.77,12.71,12.71,1300,0
2018-03-21,15:35:00,12.71,12.75,12.71,12.73,1000,0
2018-03-21,15:40:00,12.74,12.77,12.74,12.77,350,0
2018-03-21,15:45:00,12.8099,12.86,12.78,12.86,800,0
2018-03-21,15:50:00,12.8699,12.8699,12.83,12.83,2100,0
2018-03-21,15:55:00,12.85,12.85,12.82,12.82,200,0
2018-03-21,16:00:00,12.82,12.82,12.78,12.82,1300,0
2018-03-21,16:05:00,12.8299,12.8299,12.79,12.7999,300,0
2018-03-21,16:10:00,12.75,12.82,12.75,12.82,600,0
2018-03-21,16:15:00,12.85,12.85,12.8499,12.8499,200,0
2018-03-21,16:20:00,12.85,12.87,12.85,12.855,1397,0
2018-03-21,16:25:00,12.85,12.85,12.8,12.82,500,0
2018-03-21,16:30:00,12.85,12.86,12.85,12.86,431,0
2018-03-21,16:35:00,12.8599,12.8599,12.81,12.82,300,0
2018-03-21,16:40:00,12.845,12.845,12.845,12.845,100,0
2018-03-21,16:45:00,12.83,12.85,12.83,12.85,200,0
2018-03-21,16:50:00,12.85,12.87,12.85,12.87,600,0
2018-03-21,17:00:00,12.83,12.83,12.83,12.83,100,0
2018-03-21,17:05:00,12.83,12.8443,12.83,12.8443,4300,0
2018-03-21,17:10:00,12.86,12.86,12.84,12.85,1000,0
2018-03-21,17:15:00,12.8399,12.8399,12.8399,12.8399,100,0
2018-03-21,17:20:00,12.83,12.83,12.8,12.8,500,0
2018-03-21,17:25:00,12.79,12.8099,12.77,12.78,1207,0
2018-03-21,17:30:00,12.76,12.8,12.76,12.8,1400,0
2018-03-21,17:35:00,12.79,12.8,12.79,12.8,600,0
2018-03-21,17:40:00,12.7999,12.7999,12.77,12.7899,600,0
2018-03-21,17:45:00,12.7899,12.7899,12.765,12.765,200,0
2018-03-21,17:50:00,12.79,12.79,12.78,12.78,200,0
2018-03-21,17:55:00,12.75,12.75,12.75,12.75,100,0
2018-03-21,18:00:00,12.75,12.7501,12.7,12.72,3100,0
2018-03-21,18:05:00,12.74,12.74,12.7399,12.7399,300,0
2018-03-21,18:10:00,12.71,12.72,12.69,12.69,400,0
2018-03-21,18:15:00,12.66,12.68,12.63,12.64,3231,0
2018-03-21,18:20:00,12.66,12.67,12.65,12.655,400,0
2018-03-21,18:25:00,12.66,12.71,12.66,12.71,2300,0
2018-03-21,18:30:00,12.73,12.75,12.73,12.73,2800,0
2018-03-21,18:35:00,12.76,12.76,12.71,12.72,600,0
2018-03-21,18:40:00,12.72,12.72,12.72,12.72,400,0
2018-03-21,18:45:00,12.7399,12.74,12.71,12.74,700,0
2018-03-21,18:50:00,12.71,12.7399,12.71,12.715,611,0
2018-03-21,18:55:00,12.7,12.71,12.68,12.7099,600,0
2018-03-21,19:00:00,12.68,12.7,12.68,12.7,800,0
2018-03-21,19:05:00,12.64,12.72,12.64,12.69,1100,0
2018-03-21,19:10:00,12.73,12.73,12.68,12.73,2072,0
2018-03-21,19:15:00,12.72,12.75,12.72,12.75,300,0
2018-03-21,19:20:00,12.73,12.77,12.71,12.71,600,0
2018-03-21,19:25:00,12.7,12.72,12.68,12.72,3200,0
2018-03-21,19:30:00,12.7,12.7,12.68,12.68,1500,0
2018-03-21,19:35:00,12.68,12.68,12.64,12.66,1794,0
2018-03-21,19:40:00,12.65,12.65,12.615,12.62,600,0
2018-03-21,19:45:00,12.62,12.66,12.62,12.6599,1600,0
2018-03-21,19:50:00,12.66,12.68,12.61,12.61,688,0
2018-03-21,19:55:00,12.6,12.6899,12.58,12.6899,2200,0
2018-03-21,20:05:00,12.66,12.72,12.66,12.69,2400,0
2018-03-21,20:10:00,12.72,12.72,12.69,12.71,1900,0
2018-03-21,20:15:00,12.71,12.75,12.68,12.75,2300,0
2018-03-21,20:20:00,12.75,12.76,12.72,12.74,800,0
2018-03-21,20:25:00,12.7201,12.75,12.71,12.71,600,0
2018-03-21,20:30:00,12.71,12.73,12.68,12.68,1400,0
2018-03-21,20:35:00,12.66,12.7,12.61,12.6999,2104,0
2018-03-21,20:40:00,12.6928,12.7001,12.68,12.7001,1100,0
2018-03-21,20:45:00,12.7,12.72,12.67,12.71,3162,0
2018-03-21,20:50:00,12.7,12.71,12.685,12.7,2036,0
2018-03-21,20:55:00,12.67,12.73,12.67,12.67,4376,0
2018-03-21,21:00:00,12.6701,12.72,12.67,12.68,12232,0
2018-03-22,14:35:00,12.62,12.62,12.515,12.53,1373,0
2018-03-22,14:40:00,12.57,12.69,12.57,12.64,771,0
2018-03-22,14:50:00,12.77,12.77,12.75,12.76,1274,0
2018-03-22,15:00:00,12.74,12.74,12.74,12.74,100,0
2018-03-22,15:05:00,12.74,12.78,12.695,12.78,1200,0
2018-03-22,15:20:00,12.82,12.82,12.82,12.82,200,0
2018-03-22,15:25:00,12.87,12.9,12.87,12.9,500,0
2018-03-22,15:35:00,12.83,12.84,12.81,12.84,850,0
2018-03-22,15:45:00,12.84,12.84,12.84,12.84,100,0
2018-03-22,15:55:00,12.77,12.77,12.77,12.77,500,0
2018-03-22,16:00:00,12.75,12.75,12.75,12.75,100,0
2018-03-22,16:05:00,12.73,12.74,12.73,12.74,200,0
2018-03-22,16:25:00,12.73,12.77,12.73,12.77,300,0
2018-03-22,16:45:00,12.66,12.67,12.66,12.67,1000,0
2018-03-22,16:50:00,12.7,12.75,12.7,12.75,300,0
2018-03-22,16:55:00,12.7,12.71,12.69,12.69,300,0
2018-03-22,17:05:00,12.67,12.68,12.67,12.67,300,0
2018-03-22,17:10:00,12.68,12.7,12.68,12.7,200,0
2018-03-22,17:20:00,12.65,12.68,12.65,12.68,739,0
2018-03-22,17:25:00,12.7,12.74,12.7,12.74,300,0
2018-03-22,17:40:00,12.75,12.75,12.75,12.75,100,0
2018-03-22,17:50:00,12.73,12.73,12.73,12.73,100,0
2018-03-22,17:55:00,12.73,12.73,12.73,12.73,270,0
2018-03-22,18:25:00,12.72,12.75,12.68,12.75,2089,0
2018-03-22,18:30:00,12.75,12.78,12.74,12.77,2600,0
2018-03-22,18:35:00,12.75,12.75,12.75,12.75,100,0
2018-03-22,18:40:00,12.75,12.78,12.75,12.78,300,0
2018-03-22,18:45:00,12.77,12.77,12.77,12.77,100,0
2018-03-22,18:50:00,12.77,12.77,12.76,12.76,400,0
2018-03-22,18:55:00,12.77,12.77,12.75,12.75,1205,0
2018-03-22,19:00:00,12.77,12.77,12.77,12.77,100,0
2018-03-22,19:05:00,12.76,12.76,12.76,12.76,100,0
2018-03-22,19:15:00,12.71,12.71,12.71,12.71,200,0
2018-03-22,19:20:00,12.73,12.73,12.73,12.73,100,0
2018-03-22,19:25:00,12.74,12.74,12.68,12.69,500,0
2018-03-22,19:35:00,12.65,12.66,12.65,12.66,900,0
2018-03-22,19:40:00,12.69,12.69,12.66,12.665,1151,0
2018-03-22,19:45:00,12.68,12.68,12.63,12.63,2586,0
2018-03-22,19:50:00,12.64,12.64,12.64,12.64,300,0
2018-03-22,19:55:00,12.62,12.62,12.62,12.62,200,0
2018-03-22,20:00:00,12.59,12.59,12.59,12.59,100,0
2018-03-22,20:05:00,12.58,12.61,12.58,12.61,700,0
2018-03-22,20:10:00,12.62,12.64,12.62,12.64,400,0
2018-03-22,20:15:00,12.64,12.65,12.64,12.65,200,0
2018-03-22,20:20:00,12.61,12.65,12.61,12.65,800,0
2018-03-22,20:25:00,12.6201,12.63,12.53,12.61,3032,0
2018-03-22,20:35:00,12.56,12.57,12.555,12.5699,1399,0
2018-03-22,20:40:00,12.5699,12.58,12.55,12.55,1400,0
2018-03-22,20:45:00,12.49,12.54,12.49,12.54,1200,0
2018-03-22,20:50:00,12.52,12.52,12.48,12.52,3092,0
2018-03-22,20:55:00,12.51,12.55,12.5,12.55,3500,0
2018-03-22,21:00:00,12.52,12.55,12.49,12.49,9178,0
2018-03-23,14:35:00,12.48,12.67,12.2,12.4671,2313,0
2018-03-23,14:40:00,12.55,12.56,12.55,12.56,400,0
2018-03-23,14:50:00,12.425,12.425,12.425,12.425,100,0
2018-03-23,14:55:00,12.57,12.57,12.57,12.57,100,0
2018-03-23,15:00:00,12.63,12.63,12.44,12.44,2050,0
2018-03-23,15:05:00,12.37,12.4624,12.37,12.4624,1350,0
2018-03-23,15:10:00,12.38,12.45,12.38,12.448,1917,0
2018-03-23,15:20:00,12.465,12.49,12.465,12.49,424,0
2018-03-23,15:25:00,12.44,12.44,12.4,12.4,400,0
2018-03-23,15:30:00,12.41,12.41,12.41,12.41,170,0
2018-03-23,15:35:00,12.4,12.4,12.4,12.4,300,0
2018-03-23,15:50:00,12.49,12.5,12.47,12.47,300,0
2018-03-23,15:55:00,12.49,12.49,12.49,12.49,100,0
2018-03-23,16:00:00,12.47,12.47,12.47,12.47,183,0
2018-03-23,16:05:00,12.4307,12.4307,12.4307,12.4307,115,0
2018-03-23,16:10:00,12.47,12.47,12.42,12.42,496,0
2018-03-23,16:15:00,12.42,12.44,12.42,12.44,600,0
2018-03-23,16:20:00,12.423,12.423,12.39,12.39,980,0
2018-03-23,16:25:00,12.4,12.44,12.4,12.44,400,0
2018-03-23,16:30:00,12.42,12.42,12.42,12.42,100,0
2018-03-23,16:35:00,12.39,12.4125,12.39,12.4125,600,0
2018-03-23,16:40:00,12.43,12.43,12.43,12.43,100,0
2018-03-23,16:50:00,12.42,12.42,12.4,12.4,550,0
2018-03-23,16:55:00,12.34,12.34,12.34,12.34,100,0
2018-03-23,17:00:00,12.36,12.36,12.36,12.36,100,0
2018-03-23,17:05:00,12.32,12.33,12.305,12.305,600,0
2018-03-23,17:10:00,12.31,12.32,12.26,12.26,1400,0
2018-03-23,17:15:00,12.26,12.26,12.26,12.26,100,0
2018-03-23,17:20:00,12.27,12.28,12.26,12.265,1000,0
2018-03-23,17:25:00,12.26,12.28,12.25,12.28,1100,0
2018-03-23,17:30:00,12.29,12.29,12.275,12.29,500,0
2018-03-23,17:35:00,12.28,12.29,12.26,12.26,800,0
2018-03-23,17:40:00,12.29,12.3,12.285,12.285,700,0
2018-03-23,17:45:00,12.26,12.28,12.23,12.23,2700,0
2018-03-23,17:50:00,12.23,12.25,12.23,12.25,200,0
2018-03-23,17:55:00,12.25,12.27,12.235,12.26,1200,0
2018-03-23,18:00:00,12.22,12.22,12.21,12.21,300,0
2018-03-23,18:05:00,12.21,12.24,12.165,12.165,2790,0
2018-03-23,18:10:00,12.21,12.27,12.195,12.27,1100,0
2018-03-23,18:15:00,12.27,12.32,12.27,12.32,300,0
2018-03-23,18:20:00,12.32,12.32,12.3,12.3,846,0
2018-03-23,18:25:00,12.31,12.37,12.31,12.35,1500,0
2018-03-23,18:35:00,12.3,12.3,12.3,12.3,302,0
2018-03-23,18:40:00,12.28,12.28,12.17,12.17,600,0
2018-03-23,18:55:00,12.17,12.245,12.17,12.245,920,0
2018-03-23,19:00:00,12.21,12.21,12.21,12.21,200,0
2018-03-23,19:10:00,12.21,12.21,12.2,12.2,800,0
2018-03-23,19:15:00,12.19,12.2,12.15,12.15,1200,0
2018-03-23,19:20:00,12.14,12.1676,12.14,12.14,2600,0
2018-03-23,19:25:00,12.13,12.15,12.13,12.15,200,0
2018-03-23,19:30:00,12.15,12.15,12.14,12.14,527,0
2018-03-23,19:35:00,12.13,12.17,12.12,12.12,500,0
2018-03-23,19:40:00,12.11,12.16,12.11,12.16,300,0
2018-03-23,19:45:00,12.15,12.15,12.045,12.045,1868,0
2018-03-23,19:50:00,12.0638,12.0999,12.02,12.02,1400,0
2018-03-23,19:55:00,12.02,12.02,11.88,11.9,4500,0
2018-03-23,20:00:00,11.95,12.01,11.95,12.01,3100,0
2018-03-23,20:05:00,11.97,11.9823,11.89,11.93,7644,0
2018-03-23,20:10:00,11.95,12.02,11.95,11.98,1000,0
2018-03-23,20:15:00,11.98,12,11.98,12,300,0
2018-03-23,20:20:00,12.02,12.08,12.02,12.08,4500,0
2018-03-23,20:25:00,12.07,12.08,12.05,12.05,1000,0
2018-03-23,20:30:00,12.03,12.08,12.02,12.02,3500,0
2018-03-23,20:35:00,12.04,12.05,12.04,12.05,1500,0
2018-03-23,20:40:00,12.08,12.08,12.0524,12.08,1400,0
2018-03-23,20:45:00,12.11,12.12,12.07,12.07,1000,0
2018-03-23,20:50:00,12.11,12.11,12.06,12.09,2110,0
2018-03-23,20:55:00,12.08,12.08,12.05,12.07,4224,0
2018-03-23,21:00:00,12.07,12.07,12.0101,12.02,13489,0
2018-03-26,15:35:00,12.15,12.15,12.15,12.15,3447,0
2018-03-26,15:45:00,12.02,12.1,12.02,12.1,200,0
2018-03-26,15:50:00,12.18,12.22,12.11,12.19,1100,0
2018-03-26,15:55:00,12.14,12.14,12.05,12.08,600,0
2018-03-26,16:00:00,12.07,12.16,12.07,12.16,300,0
2018-03-26,16:10:00,12.18,12.18,12.18,12.18,200,0
2018-03-26,16:15:00,12.15,12.18,12.15,12.18,1500,0
2018-03-26,16:20:00,12.12,12.14,12.11,12.14,500,0
2018-03-26,16:25:00,12.14,12.16,12.14,12.155,300,0
2018-03-26,16:30:00,12.13,12.13,12.11,12.11,706,0
2018-03-26,16:35:00,12.06,12.08,12.0501,12.0675,850,0
2018-03-26,16:40:00,12.0901,12.0901,12.0901,12.0901,100,0
2018-03-26,16:45:00,12.09,12.1,12.0001,12.0001,600,0
2018-03-26,16:50:00,12.01,12.01,11.98,11.98,1800,0
2018-03-26,16:55:00,12.01,12.08,12.01,12.08,1500,0
2018-03-26,17:00:00,12.06,12.06,12.05,12.06,800,0
2018-03-26,17:05:00,12.0635,12.11,12.02,12.02,2402,0
2018-03-26,17:10:00,11.981,12.01,11.981,12.01,2800,0
2018-03-26,17:15:00,11.99,11.99,11.54,11.91,31994,0
2018-03-26,17:20:00,11.9,11.95,11.86,11.95,2362,0
2018-03-26,17:25:00,11.9501,12.04,11.9501,12.03,500,0
2018-03-26,17:30:00,12.02,12.03,11.98,12.03,1200,0
2018-03-26,17:35:00,12,12,12,12,270,0
2018-03-26,17:40:00,12.015,12.015,11.96,11.96,700,0
2018-03-26,17:45:00,11.99,11.99,11.89,11.89,1900,0
2018-03-26,17:50:00,11.84,11.84,11.71,11.8,21319,0
2018-03-26,17:55:00,11.83,11.875,11.8101,11.8101,400,0
2018-03-26,18:00:00,11.84,11.84,11.82,11.83,882,0
2018-03-26,18:05:00,11.88,11.88,11.84,11.84,500,0
2018-03-26,18:10:00,11.86,11.9,11.86,11.9,1000,0
2018-03-26,18:15:00,11.85,11.9,11.85,11.89,1809,0
2018-03-26,18:20:00,11.95,11.96,11.95,11.96,300,0
2018-03-26,18:25:00,11.955,11.99,11.955,11.97,492,0
2018-03-26,18:30:00,12,12.01,12,12.01,1400,0
2018-03-26,18:35:00,11.94,11.94,11.93,11.93,300,0
2018-03-26,18:40:00,11.88,11.88,11.87,11.87,700,0
2018-03-26,18:45:00,11.84,11.84,11.84,11.84,100,0
2018-03-26,18:50:00,11.85,11.85,11.83,11.83,800,0
2018-03-26,18:55:00,11.86,11.87,11.84,11.84,500,0
2018-03-26,19:00:00,11.88,11.88,11.85,11.85,200,0
2018-03-26,19:05:00,11.87,11.88,11.84,11.88,900,0
2018-03-26,19:10:00,11.85,11.85,11.85,11.85,100,0
2018-03-26,19:15:00,11.8601,11.94,11.8601,11.94,500,0
2018-03-26,19:20:00,11.97,11.97,11.93,11.93,878,0
2018-03-26,19:30:00,11.91,11.99,11.91,11.99,1600,0
2018-03-26,19:40:00,11.97,12.045,11.97,12.02,7100,0
2018-03-26,19:45:00,12.02,12.06,11.97,11.97,1500,0
2018-03-26,19:50:00,11.97,11.97,11.97,11.97,200,0
2018-03-26,19:55:00,11.97,11.97,11.91,11.91,1100,0
2018-03-26,20:00:00,11.935,11.96,11.935,11.96,600,0
2018-03-26,20:05:00,11.94,11.96,11.94,11.96,500,0
2018-03-26,20:10:00,11.975,12.05,11.975,12,1000,0
2018-03-26,20:15:00,12.0799,12.09,12.05,12.09,680,0
2018-03-26,20:20:00,12.04,12.04,12.03,12.03,704,0
2018-03-26,20:25:00,12.05,12.06,12.05,12.06,200,0
2018-03-26,20:30:00,12.07,12.12,12.07,12.105,1200,0
2018-03-26,20:35:00,12.1,12.1,12.1,12.1,512,0
2018-03-26,20:40:00,12.09,12.13,12.09,12.1,300,0
2018-03-26,20:45:00,12.11,12.12,12.09,12.09,1555,0
2018-03-26,20:50:00,12.1,12.11,12.1,12.11,200,0
2018-03-26,20:55:00,12.1,12.1,12.1,12.1,200,0
2018-03-26,21:00:00,12.17,12.17,12.14,12.15,2600,0
2018-03-26,21:10:00,12.13,12.15,12.12,12.14,1442,0
2018-03-26,21:15:00,12.19,12.19,12.17,12.17,200,0
2018-03-26,21:20:00,12.18,12.2,12.18,12.18,4350,0
2018-03-26,21:25:00,12.19,12.23,12.18,12.2,4502,0
2018-03-26,21:30:00,12.19,12.21,12.18,12.21,4751,0
2018-03-26,21:35:00,12.21,12.24,12.21,12.24,600,0
2018-03-26,21:40:00,12.23,12.25,12.23,12.24,868,0
2018-03-26,21:45:00,12.24,12.25,12.22,12.25,2140,0
2018-03-26,21:50:00,12.25,12.32,12.24,12.32,2732,0
2018-03-26,21:55:00,12.32,12.34,12.3,12.31,1700,0
2018-03-26,22:00:00,12.31,12.34,12.28,12.28,15615,0
2018-03-27,15:35:00,12.3,12.3,12.27,12.27,4130,0
2018-03-27,15:40:00,12.25,12.25,12.23,12.23,300,0
2018-03-27,15:50:00,12.14,12.14,12.085,12.085,500,0
2018-03-27,15:55:00,12.05,12.05,12.05,12.05,100,0
2018-03-27,16:00:00,12.07,12.07,11.97,11.97,1000,0
2018-03-27,16:05:00,11.75,11.89,11.72,11.89,5194,0
2018-03-27,16:20:00,11.91,11.91,11.88,11.88,700,0
2018-03-27,16:25:00,11.85,11.85,11.85,11.85,100,0
2018-03-27,16:35:00,11.82,11.82,11.82,11.82,100,0
2018-03-27,16:40:00,11.77,11.77,11.77,11.77,100,0
2018-03-27,16:45:00,11.83,11.83,11.83,11.83,135,0
2018-03-27,16:50:00,11.9,11.91,11.9,11.91,400,0
2018-03-27,17:05:00,11.86,11.86,11.86,11.86,100,0
2018-03-27,17:20:00,11.87,11.88,11.87,11.87,700,0
2018-03-27,17:25:00,11.87,11.87,11.86,11.86,1100,0
2018-03-27,17:35:00,11.89,11.94,11.89,11.94,814,0
2018-03-27,17:40:00,11.95,11.99,11.94,11.94,1600,0
2018-03-27,17:45:00,11.9511,11.9511,11.94,11.95,1100,0
2018-03-27,17:50:00,11.98,11.98,11.98,11.98,100,0
2018-03-27,17:55:00,11.98,11.98,11.98,11.98,200,0
2018-03-27,18:00:00,11.95,11.95,11.95,11.95,100,0
2018-03-27,18:05:00,11.95,11.98,11.93,11.98,1000,0
2018-03-27,18:10:00,11.95,11.97,11.95,11.97,200,0
2018-03-27,18:15:00,11.98,11.98,11.98,11.98,190,0
2018-03-27,18:25:00,11.93,11.95,11.93,11.95,300,0
2018-03-27,18:30:00,11.93,11.96,11.93,11.96,700,0
2018-03-27,18:35:00,11.95,11.95,11.87,11.87,2570,0
2018-03-27,18:40:00,11.89,11.89,11.87,11.88,500,0
2018-03-27,18:45:00,11.875,11.875,11.875,11.875,100,0
2018-03-27,18:50:00,11.85,11.87,11.84,11.87,610,0
2018-03-27,18:55:00,11.85,11.87,11.85,11.87,700,0
2018-03-27,19:00:00,11.86,11.86,11.86,11.86,100,0
2018-03-27,19:15:00,11.87,11.92,11.87,11.92,800,0
2018-03-27,19:25:00,11.9,11.9,11.85,11.88,2159,0
2018-03-27,19:30:00,11.84,11.84,11.8,11.8,700,0
2018-03-27,19:35:00,11.82,11.82,11.82,11.82,100,0
2018-03-27,19:40:00,11.82,11.82,11.81,11.81,400,0
2018-03-27,19:45:00,11.81,11.8146,11.8,11.8146,426,0
2018-03-27,19:50:00,11.78,11.78,11.78,11.78,100,0
2018-03-27,20:00:00,11.79,11.82,11.79,11.82,400,0
2018-03-27,20:05:00,11.83,11.83,11.82,11.82,300,0
2018-03-27,20:25:00,11.8,11.83,11.8,11.8,2252,0
2018-03-27,20:30:00,11.78,11.78,11.78,11.78,200,0
2018-03-27,20:35:00,11.75,11.77,11.72,11.74,3090,0
2018-03-27,20:40:00,11.75,11.78,11.75,11.78,710,0
2018-03-27,20:45:00,11.8,11.8,11.8,11.8,200,0
2018-03-27,20:50:00,11.78,11.78,11.75,11.75,2927,0
2018-03-27,20:55:00,11.7,11.75,11.7,11.75,300,0
2018-03-27,21:00:00,11.73,11.73,11.72,11.72,400,0
2018-03-27,21:05:00,11.71,11.73,11.71,11.71,500,0
2018-03-27,21:10:00,11.7,11.7,11.64,11.6499,7700,0
2018-03-27,21:15:00,11.6307,11.67,11.6307,11.655,2560,0
2018-03-27,21:20:00,11.66,11.7099,11.66,11.7099,1712,0
2018-03-27,21:25:00,11.692,11.692,11.692,11.692,100,0
2018-03-27,21:30:00,11.68,11.68,11.65,11.67,1375,0
2018-03-27,21:35:00,11.66,11.67,11.625,11.67,2234,0
2018-03-27,21:40:00,11.66,11.66,11.66,11.66,100,0
2018-03-27,21:45:00,11.67,11.67,11.6,11.6,1000,0
2018-03-27,21:50:00,11.6,11.6,11.56,11.56,2000,0
2018-03-27,21:55:00,11.57,11.6,11.57,11.59,3354,0
2018-03-27,22:00:00,11.58,11.61,11.58,11.61,8631,0
2018-03-28,15:35:00,11.5,11.5,11.5,11.5,4230,0
2018-03-28,15:40:00,11.24,11.24,11.24,11.24,1600,0
2018-03-28,15:45:00,11.27,11.528,11.27,11.46,2000,0
2018-03-28,15:55:00,11.48,11.5501,11.41,11.51,3610,0
2018-03-28,16:00:00,11.46,11.53,11.42,11.43,7300,0
2018-03-28,16:05:00,11.38,11.43,11.38,11.43,1000,0
2018-03-28,16:10:00,11.415,11.46,11.41,11.46,10242,0
2018-03-28,16:20:00,11.39,11.39,11.37,11.37,401,0
2018-03-28,16:25:00,11.27,11.385,11.27,11.34,300,0
2018-03-28,16:35:00,11.37,11.395,11.37,11.392,888,0
2018-03-28,16:40:00,11.375,11.375,11.3,11.3,2790,0
2018-03-28,16:50:00,11.29,11.29,11.08,11.08,7200,0
2018-03-28,16:55:00,11.1,11.23,10.99,11.13,14333,0
2018-03-28,17:00:00,11.27,11.27,11.2,11.2,1100,0
2018-03-28,17:05:00,11.24,11.24,11.17,11.17,2600,0
2018-03-28,17:10:00,11.17,11.2,11.17,11.2,300,0
2018-03-28,17:15:00,11.2,11.21,11.15,11.19,2512,0
2018-03-28,17:20:00,11.17,11.17,11.17,11.17,400,0
2018-03-28,17:25:00,11.14,11.14,11.14,11.14,300,0
2018-03-28,17:30:00,11.13,11.205,11.13,11.205,1346,0
2018-03-28,17:35:00,11.19,11.19,11.15,11.17,1302,0
2018-03-28,17:40:00,11.1466,11.1466,11.1466,11.1466,716,0
2018-03-28,17:45:00,11.18,11.21,11.18,11.21,400,0
2018-03-28,17:50:00,11.2,11.205,11.2,11.2,600,0
2018-03-28,17:55:00,11.22,11.22,11.19,11.19,503,0
2018-03-28,18:00:00,11.15,11.16,11.05,11.05,4348,0
2018-03-28,18:10:00,11.07,11.07,11.07,11.07,182,0
2018-03-28,18:15:00,11.11,11.14,11.11,11.14,400,0
2018-03-28,18:20:00,11.14,11.16,11.14,11.16,900,0
2018-03-28,18:25:00,11.16,11.16,11.16,11.16,132,0
2018-03-28,18:30:00,11.17,11.17,11.14,11.14,500,0
2018-03-28,18:40:00,11.14,11.19,11.14,11.19,1400,0
2018-03-28,18:50:00,11.18,11.18,11.18,11.18,200,0
2018-03-28,18:55:00,11.18,11.18,11.18,11.18,100,0
2018-03-28,19:00:00,11.15,11.17,11.15,11.17,1282,0
2018-03-28,19:05:00,11.14,11.17,11.14,11.17,1804,0
2018-03-28,19:10:00,11.19,11.19,11.18,11.1899,1006,0
2018-03-28,19:15:00,11.185,11.2,11.1791,11.1791,500,0
2018-03-28,19:20:00,11.17,11.1788,11.17,11.1788,600,0
2018-03-28,19:25:00,11.2,11.2,11.19,11.19,3689,0
2018-03-28,19:30:00,11.18,11.18,11.15,11.15,420,0
2018-03-28,19:40:00,11.142,11.2,11.142,11.2,2780,0
2018-03-28,19:50:00,11.2,11.2,11.18,11.19,2477,0
2018-03-28,19:55:00,11.18,11.18,11.18,11.18,100,0
2018-03-28,20:00:00,11.19,11.2,11.19,11.2,1300,0
2018-03-28,20:05:00,11.2,11.2,11.2,11.2,5539,0
2018-03-28,20:10:00,11.2,11.2,11.2,11.2,100,0
2018-03-28,20:15:00,11.2086,11.21,11.18,11.19,5496,0
2018-03-28,20:20:00,11.18,11.22,11.18,11.21,1609,0
2018-03-28,20:25:00,11.21,11.21,11.2,11.2,1100,0
2018-03-28,20:30:00,11.2,11.23,11.19,11.19,3903,0
2018-03-28,20:35:00,11.19,11.2,11.19,11.2,600,0
2018-03-28,20:40:00,11.2,11.2296,11.19,11.21,2300,0
2018-03-28,20:45:00,11.2,11.22,11.2,11.22,2010,0
2018-03-28,20:50:00,11.2,11.21,11.19,11.2,2044,0
2018-03-28,20:55:00,11.21,11.26,11.21,11.26,1100,0
2018-03-28,21:00:00,11.26,11.29,11.26,11.29,900,0
2018-03-28,21:05:00,11.26,11.26,11.22,11.24,1591,0
2018-03-28,21:10:00,11.24,11.24,11.22,11.22,300,0
2018-03-28,21:15:00,11.21,11.22,11.2,11.2,797,0
2018-03-28,21:20:00,11.23,11.23,11.23,11.23,400,0
2018-03-28,21:25:00,11.24,11.25,11.23,11.25,900,0
2018-03-28,21:30:00,11.25,11.25,11.22,11.22,700,0
2018-03-28,21:35:00,11.23,11.23,11.2,11.2,1126,0
2018-03-28,21:40:00,11.19,11.22,11.18,11.22,2251,0
2018-03-28,21:45:00,11.22,11.23,11.22,11.23,700,0
2018-03-28,21:50:00,11.23,11.26,11.22,11.26,1900,0
2018-03-28,21:55:00,11.26,11.28,11.26,11.27,1200,0
2018-03-28,22:00:00,11.27,11.31,11.27,11.27,18860,0
2018-03-29,15:35:00,11.5,11.6,11.5,11.6,5334,0
2018-03-29,15:45:00,11.54,11.79,11.53,11.79,700,0
2018-03-29,15:50:00,11.56,11.65,11.56,11.62,1014,0
2018-03-29,15:55:00,11.625,11.625,11.61,11.62,1135,0
2018-03-29,16:00:00,11.61,11.6199,11.54,11.555,2500,0
2018-03-29,16:05:00,11.6,11.65,11.6,11.62,1100,0
2018-03-29,16:10:00,11.57,11.57,11.52,11.54,1500,0
2018-03-29,16:15:00,11.56,11.6,11.56,11.6,700,0
2018-03-29,16:20:00,11.6,11.62,11.58,11.58,900,0
2018-03-29,16:25:00,11.54,11.56,11.5,11.5,1300,0
2018-03-29,16:30:00,11.5,11.5,11.5,11.5,100,0
2018-03-29,16:35:00,11.5,11.5,11.5,11.5,1100,0
2018-03-29,16:45:00,11.56,11.56,11.53,11.53,300,0
2018-03-29,16:50:00,11.57,11.58,11.57,11.58,900,0
2018-03-29,16:55:00,11.55,11.55,11.5,11.5,678,0
2018-03-29,17:00:00,11.49,11.53,11.49,11.53,1700,0
2018-03-29,17:05:00,11.52,11.52,11.48,11.48,700,0
2018-03-29,17:15:00,11.46,11.46,11.45,11.45,363,0
2018-03-29,17:20:00,11.431,11.431,11.4301,11.4301,500,0
2018-03-29,17:25:00,11.47,11.47,11.47,11.47,600,0
2018-03-29,17:30:00,11.5,11.5,11.495,11.5,500,0
2018-03-29,17:35:00,11.5,11.5,11.42,11.42,1400,0
2018-03-29,17:45:00,11.44,11.45,11.44,11.45,500,0
2018-03-29,17:50:00,11.46,11.46,11.46,11.46,100,0
2018-03-29,17:55:00,11.49,11.49,11.49,11.49,100,0
2018-03-29,18:00:00,11.46,11.49,11.46,11.49,200,0
2018-03-29,18:05:00,11.5,11.53,11.49,11.53,1649,0
2018-03-29,18:10:00,11.53,11.53,11.51,11.53,610,0
2018-03-29,18:15:00,11.49,11.5,11.49,11.5,900,0
2018-03-29,18:20:00,11.49,11.49,11.49,11.49,300,0
2018-03-29,18:30:00,11.49,11.49,11.49,11.49,100,0
2018-03-29,18:35:00,11.48,11.48,11.47,11.47,600,0
2018-03-29,18:40:00,11.46,11.475,11.43,11.44,3873,0
2018-03-29,18:45:00,11.45,11.45,11.45,11.45,100,0
2018-03-29,18:50:00,11.47,11.5,11.47,11.5,1700,0
2018-03-29,18:55:00,11.52,11.52,11.52,11.52,200,0
2018-03-29,19:00:00,11.59,11.59,11.56,11.58,1557,0
2018-03-29,19:05:00,11.56,11.57,11.56,11.56,500,0
2018-03-29,19:10:00,11.57,11.57,11.5,11.5,550,0
2018-03-29,19:15:00,11.5,11.52,11.5,11.52,400,0
2018-03-29,19:20:00,11.5,11.5,11.5,11.5,600,0
2018-03-29,19:25:00,11.5,11.52,11.5,11.52,200,0
2018-03-29,19:30:00,11.52,11.52,11.5,11.5,200,0
2018-03-29,19:35:00,11.5,11.53,11.5,11.53,600,0
2018-03-29,19:40:00,11.52,11.52,11.52,11.52,200,0
2018-03-29,19:45:00,11.52,11.54,11.5,11.5,700,0
2018-03-29,19:50:00,11.51,11.51,11.49,11.5,300,0
2018-03-29,19:55:00,11.5,11.58,11.5,11.58,900,0
2018-03-29,20:00:00,11.53,11.57,11.5,11.5,1100,0
2018-03-29,20:05:00,11.5,11.52,11.5,11.52,1700,0
2018-03-29,20:10:00,11.52,11.56,11.5,11.56,1648,0
2018-03-29,20:15:00,11.56,11.58,11.55,11.56,1000,0
2018-03-29,20:20:00,11.54,11.54,11.5,11.53,752,0
2018-03-29,20:25:00,11.53,11.552,11.53,11.53,900,0
2018-03-29,20:30:00,11.54,11.54,11.52,11.52,400,0
2018-03-29,20:40:00,11.6,11.6,11.6,11.6,100,0
2018-03-29,20:45:00,11.59,11.61,11.58,11.61,1400,0
2018-03-29,20:50:00,11.62,11.62,11.58,11.58,2000,0
2018-03-29,21:00:00,11.59,11.6,11.56,11.56,1035,0
2018-03-29,21:05:00,11.55,11.55,11.5252,11.54,1131,0
2018-03-29,21:10:00,11.55,11.57,11.55,11.57,200,0
2018-03-29,21:20:00,11.55,11.55,11.55,11.55,500,0
2018-03-29,21:25:00,11.55,11.55,11.54,11.54,500,0
2018-03-29,21:30:00,11.54,11.54,11.53,11.53,500,0
2018-03-29,21:35:00,11.55,11.55,11.53,11.54,900,0
2018-03-29,21:40:00,11.53,11.53,11.52,11.52,3012,0
2018-03-29,21:45:00,11.55,11.55,11.53,11.53,1100,0
2018-03-29,21:50:00,11.53,11.56,11.53,11.56,1067,0
2018-03-29,21:55:00,11.55,11.55,11.51,11.51,2482,0
2018-03-29,22:00:00,11.52,11.52,11.48,11.48,11185,0
