Date,Time,Open,High,Low,Close,Volume,OpenInt
2018-03-14,14:35:00,48.709,49.179,48.549,48.759,5371,0
2018-03-14,14:40:00,48.894,48.959,48.439,48.439,3002,0
2018-03-14,14:45:00,48.349,48.569,48.229,48.569,7190,0
2018-03-14,14:50:00,48.559,48.559,48.249,48.249,2702,0
2018-03-14,14:55:00,48.229,48.649,48.229,48.589,3702,0
2018-03-14,15:00:00,48.594,48.704,48.588,48.704,1999,0
2018-03-14,15:05:00,48.699,48.784,48.63,48.699,5708,0
2018-03-14,15:10:00,48.714,48.714,48.449,48.449,3091,0
2018-03-14,15:15:00,48.474,48.474,48.229,48.229,1599,0
2018-03-14,15:20:00,48.289,48.289,48.179,48.259,7766,0
2018-03-14,15:25:00,48.289,48.289,48.139,48.174,4703,0
2018-03-14,15:30:00,48.209,48.249,48.1,48.1,3002,0
2018-03-14,15:35:00,48.08,48.129,47.99,47.99,3729,0
2018-03-14,15:40:00,48.035,48.149,47.98,48.05,6604,0
2018-03-14,15:45:00,48.07,48.179,48.067,48.179,3126,0
2018-03-14,15:50:00,48.207,48.207,48.09,48.159,7779,0
2018-03-14,15:55:00,48.169,48.379,48.169,48.279,5540,0
2018-03-14,16:00:00,48.289,48.299,48.179,48.199,6539,0
2018-03-14,16:05:00,48.239,48.239,48.129,48.129,4403,0
2018-03-14,16:10:00,48.129,48.249,48.129,48.239,6383,0
2018-03-14,16:15:00,48.179,48.179,48.06,48.06,2702,0
2018-03-14,16:20:00,48.11,48.149,48.09,48.1,4803,0
2018-03-14,16:25:00,48.07,48.07,47.88,47.99,11064,0
2018-03-14,16:30:00,48.045,48.045,47.89,47.89,3372,0
2018-03-14,16:35:00,47.89,47.99,47.82,47.82,4503,0
2018-03-14,16:40:00,47.82,47.91,47.795,47.91,8806,0
2018-03-14,16:45:00,47.93,47.93,47.67,47.67,6462,0
2018-03-14,16:50:00,47.71,47.77,47.66,47.77,6339,0
2018-03-14,16:55:00,47.78,47.89,47.76,47.88,2652,0
2018-03-14,17:00:00,47.859,47.86,47.79,47.825,3378,0
2018-03-14,17:05:00,47.85,47.87,47.75,47.82,7683,0
2018-03-14,17:10:00,47.85,47.85,47.755,47.785,6704,0
2018-03-14,17:15:00,47.79,47.87,47.76,47.85,7312,0
2018-03-14,17:20:00,47.86,47.93,47.86,47.88,5003,0
2018-03-14,17:25:00,47.86,47.865,47.78,47.78,6370,0
2018-03-14,17:30:00,47.77,47.91,47.76,47.85,12387,0
2018-03-14,17:35:00,47.88,47.94,47.88,47.925,2201,0
2018-03-14,17:40:00,47.91,47.95,47.9,47.91,6147,0
2018-03-14,17:45:00,47.91,47.97,47.89,47.915,11945,0
2018-03-14,17:50:00,47.93,48.06,47.93,47.99,21244,0
2018-03-14,17:55:00,47.97,48.065,47.97,48.06,8802,0
2018-03-14,18:00:00,48.08,48.139,48.06,48.09,3502,0
2018-03-14,18:05:00,48.09,48.09,47.99,48,4503,0
2018-03-14,18:10:00,47.99,48,47.93,47.93,6072,0
2018-03-14,18:15:00,47.98,47.99,47.95,47.97,1871,0
2018-03-14,18:20:00,47.98,48.03,47.96,48.01,4672,0
2018-03-14,18:25:00,48,48.199,47.97,48.199,5721,0
2018-03-14,18:30:00,48.229,48.319,48.219,48.319,1063,0
2018-03-14,18:35:00,48.304,48.449,48.304,48.379,3984,0
2018-03-14,18:40:00,48.409,48.418,48.369,48.405,2477,0
2018-03-14,18:45:00,48.439,48.484,48.419,48.444,1801,0
2018-03-14,18:50:00,48.449,48.449,48.389,48.429,2201,0
2018-03-14,18:55:00,48.429,48.549,48.429,48.549,1370,0
2018-03-14,19:00:00,48.509,48.534,48.489,48.489,2502,0
2018-03-14,19:05:00,48.499,48.519,48.359,48.379,3803,0
2018-03-14,19:10:00,48.359,48.369,48.289,48.289,1701,0
2018-03-14,19:15:00,48.289,48.289,48.239,48.239,1901,0
2018-03-14,19:20:00,48.239,48.239,48.169,48.199,5570,0
2018-03-14,19:25:00,48.219,48.279,48.219,48.279,2151,0
2018-03-14,19:30:00,48.279,48.449,48.269,48.449,8090,0
2018-03-14,19:35:00,48.449,48.524,48.449,48.489,2399,0
2018-03-14,19:40:00,48.489,48.489,48.339,48.359,5949,0
2018-03-14,19:45:00,48.379,48.449,48.379,48.399,2780,0
2018-03-14,19:50:00,48.389,48.459,48.389,48.459,2602,0
2018-03-14,19:55:00,48.459,48.549,48.459,48.519,5654,0
2018-03-14,20:00:00,48.499,48.589,48.499,48.569,6180,0
2018-03-14,20:05:00,48.569,48.599,48.499,48.559,6654,0
2018-03-14,20:10:00,48.549,48.569,48.499,48.519,5074,0
2018-03-14,20:15:00,48.518,48.539,48.459,48.479,7201,0
2018-03-14,20:20:00,48.489,48.499,48.439,48.469,6648,0
2018-03-14,20:25:00,48.469,48.469,48.419,48.439,6087,0
2018-03-14,20:30:00,48.429,48.439,48.349,48.349,8450,0
2018-03-14,20:35:00,48.369,48.379,48.289,48.289,8313,0
2018-03-14,20:40:00,48.289,48.314,48.244,48.279,11491,0
2018-03-14,20:45:00,48.279,48.299,48.169,48.189,9464,0
2018-03-14,20:50:00,48.209,48.289,48.209,48.249,14772,0
2018-03-14,20:55:00,48.239,48.329,48.179,48.309,21401,0
2018-03-14,21:00:00,48.309,48.329,48.289,48.309,58611,0
2018-03-15,14:35:00,48.319,48.594,48.228,48.594,16453,0
2018-03-15,14:40:00,48.539,48.539,48.424,48.424,400,0
2018-03-15,14:45:00,48.229,48.324,48.209,48.209,1261,0
2018-03-15,14:50:00,48.314,48.469,48.159,48.159,2505,0
2018-03-15,14:55:00,48.229,48.379,48.229,48.314,901,0
2018-03-15,15:00:00,48.314,48.314,48.229,48.254,1901,0
2018-03-15,15:05:00,48.219,48.219,48.1,48.209,2584,0
2018-03-15,15:10:00,48.149,48.219,48.139,48.169,4046,0
2018-03-15,15:15:00,48.164,48.229,48.11,48.11,5103,0
2018-03-15,15:20:00,48.09,48.09,47.99,48.025,1701,0
2018-03-15,15:25:00,48.02,48.02,47.77,47.77,11282,0
2018-03-15,15:30:00,47.83,47.935,47.81,47.93,6786,0
2018-03-15,15:35:00,47.92,47.92,47.74,47.755,1925,0
2018-03-15,15:40:00,47.72,47.92,47.65,47.92,9006,0
2018-03-15,15:45:00,47.9,48.1,47.89,48.08,4823,0
2018-03-15,15:50:00,48.09,48.139,48.07,48.07,901,0
2018-03-15,15:55:00,48.139,48.139,48.06,48.08,1600,0
2018-03-15,16:00:00,48.08,48.11,48.04,48.04,4307,0
2018-03-15,16:05:00,48.07,48.12,48.02,48.02,3224,0
2018-03-15,16:10:00,48.03,48.055,48.01,48.01,700,0
2018-03-15,16:15:00,48.04,48.04,47.95,48.02,8698,0
2018-03-15,16:20:00,48.025,48.159,48.025,48.07,4503,0
2018-03-15,16:25:00,48.07,48.125,48.07,48.11,2101,0
2018-03-15,16:30:00,48.129,48.244,48.129,48.209,2987,0
2018-03-15,16:35:00,48.189,48.209,48.149,48.209,2902,0
2018-03-15,16:40:00,48.219,48.219,48.179,48.209,2402,0
2018-03-15,16:45:00,48.179,48.229,48.179,48.229,2402,0
2018-03-15,16:50:00,48.229,48.269,48.219,48.229,1601,0
2018-03-15,16:55:00,48.229,48.254,48.07,48.07,3103,0
2018-03-15,17:00:00,48.07,48.11,48.01,48.02,5806,0
2018-03-15,17:05:00,48.02,48.02,47.9,47.92,4413,0
2018-03-15,17:10:00,47.925,47.925,47.88,47.88,720,0
2018-03-15,17:15:00,47.86,47.87,47.77,47.77,4553,0
2018-03-15,17:20:00,47.77,47.91,47.75,47.91,4154,0
2018-03-15,17:25:00,47.92,47.93,47.92,47.93,821,0
2018-03-15,17:30:00,47.88,47.9,47.85,47.87,2201,0
2018-03-15,17:35:00,47.84,47.91,47.78,47.89,3202,0
2018-03-15,17:40:00,47.88,47.92,47.87,47.87,1301,0
2018-03-15,17:45:00,47.87,47.87,47.848,47.848,1306,0
2018-03-15,17:50:00,47.82,47.86,47.76,47.81,5823,0
2018-03-15,17:55:00,47.825,47.87,47.81,47.81,1501,0
2018-03-15,18:00:00,47.81,47.88,47.81,47.831,2407,0
2018-03-15,18:05:00,47.82,47.88,47.81,47.84,4355,0
2018-03-15,18:10:00,47.82,47.82,47.75,47.75,901,0
2018-03-15,18:15:00,47.75,47.76,47.72,47.72,3603,0
2018-03-15,18:20:00,47.7,47.77,47.68,47.68,4369,0
2018-03-15,18:25:00,47.72,47.74,47.71,47.72,1506,0
2018-03-15,18:30:00,47.67,47.68,47.65,47.68,1501,0
2018-03-15,18:35:00,47.65,47.78,47.65,47.76,5103,0
2018-03-15,18:40:00,47.77,47.77,47.74,47.75,2442,0
2018-03-15,18:45:00,47.76,47.76,47.72,47.75,4927,0
2018-03-15,18:50:00,47.74,47.75,47.68,47.69,13886,0
2018-03-15,18:55:00,47.7,47.725,47.68,47.705,4642,0
2018-03-15,19:00:00,47.72,47.72,47.67,47.69,12458,0
2018-03-15,19:05:00,47.69,47.77,47.685,47.75,10405,0
2018-03-15,19:10:00,47.71,47.8,47.71,47.8,2648,0
2018-03-15,19:15:00,47.79,47.8,47.77,47.77,2127,0
2018-03-15,19:20:00,47.775,47.78,47.74,47.75,1901,0
2018-03-15,19:25:00,47.75,47.75,47.7,47.7,1827,0
2018-03-15,19:30:00,47.72,47.73,47.66,47.68,11239,0
2018-03-15,19:35:00,47.67,47.68,47.64,47.67,5678,0
2018-03-15,19:40:00,47.65,47.67,47.61,47.61,2602,0
2018-03-15,19:45:00,47.6,47.62,47.55,47.55,6387,0
2018-03-15,19:50:00,47.56,47.57,47.54,47.54,2307,0
2018-03-15,19:55:00,47.56,47.57,47.54,47.55,2902,0
2018-03-15,20:00:00,47.545,47.56,47.48,47.56,10722,0
2018-03-15,20:05:00,47.555,47.65,47.555,47.65,20162,0
2018-03-15,20:10:00,47.67,47.75,47.66,47.75,2802,0
2018-03-15,20:15:00,47.735,47.77,47.71,47.75,4041,0
2018-03-15,20:20:00,47.75,47.8,47.75,47.77,3919,0
2018-03-15,20:25:00,47.79,47.83,47.79,47.82,4915,0
2018-03-15,20:30:00,47.82,47.82,47.76,47.78,3397,0
2018-03-15,20:35:00,47.77,47.82,47.76,47.79,21141,0
2018-03-15,20:40:00,47.75,47.8,47.73,47.76,4145,0
2018-03-15,20:45:00,47.76,47.8,47.76,47.76,8720,0
2018-03-15,20:50:00,47.77,47.79,47.74,47.75,11393,0
2018-03-15,20:55:00,47.75,47.78,47.735,47.77,16966,0
2018-03-15,21:00:00,47.77,47.86,47.76,47.82,113731,0
2018-03-16,14:35:00,47.75,47.75,47.75,47.75,167061,0
2018-03-16,14:40:00,47.83,48.319,47.83,48.179,7663,0
2018-03-16,14:45:00,48.154,48.224,48.149,48.219,1701,0
2018-03-16,14:50:00,48.239,48.529,48.179,48.529,5571,0
2018-03-16,14:55:00,48.504,48.549,48.199,48.199,5891,0
2018-03-16,15:00:00,48.229,48.284,48.229,48.239,2415,0
2018-03-16,15:05:00,48.249,48.309,48.199,48.309,3707,0
2018-03-16,15:10:00,48.319,48.319,48.1,48.1,3426,0
2018-03-16,15:15:00,48.149,48.234,48.149,48.234,1310,0
2018-03-16,15:20:00,48.229,48.269,48.139,48.139,2271,0
2018-03-16,15:25:00,48.189,48.349,48.164,48.339,2734,0
2018-03-16,15:30:00,48.359,48.469,48.359,48.459,6749,0
2018-03-16,15:35:00,48.474,48.619,48.474,48.594,2402,0
2018-03-16,15:40:00,48.594,48.594,48.339,48.529,7809,0
2018-03-16,15:45:00,48.549,48.554,48.369,48.369,5966,0
2018-03-16,15:50:00,48.379,48.399,48.319,48.379,4205,0
2018-03-16,15:55:00,48.379,48.409,48.329,48.409,3212,0
2018-03-16,16:00:00,48.459,48.459,48.309,48.329,5421,0
2018-03-16,16:05:00,48.299,48.439,48.274,48.439,3962,0
2018-03-16,16:10:00,48.459,48.519,48.389,48.419,3137,0
2018-03-16,16:15:00,48.429,48.499,48.419,48.499,2199,0
2018-03-16,16:20:00,48.449,48.449,48.359,48.359,3420,0
2018-03-16,16:25:00,48.339,48.509,48.339,48.509,3202,0
2018-03-16,16:30:00,48.529,48.669,48.529,48.579,3102,0
2018-03-16,16:35:00,48.619,48.719,48.594,48.674,2336,0
2018-03-16,16:40:00,48.699,48.749,48.679,48.679,2452,0
2018-03-16,16:45:00,48.669,48.684,48.589,48.659,3502,0
2018-03-16,16:50:00,48.699,48.699,48.569,48.579,2448,0
2018-03-16,16:55:00,48.549,48.579,48.539,48.549,1501,0
2018-03-16,17:00:00,48.539,48.539,48.389,48.399,5494,0
2018-03-16,17:05:00,48.369,48.394,48.329,48.329,1501,0
2018-03-16,17:10:00,48.299,48.299,48.229,48.299,4903,0
2018-03-16,17:15:00,48.289,48.329,48.269,48.329,1601,0
2018-03-16,17:20:00,48.339,48.359,48.269,48.309,9647,0
2018-03-16,17:25:00,48.329,48.459,48.299,48.459,7004,0
2018-03-16,17:30:00,48.479,48.549,48.459,48.529,12101,0
2018-03-16,17:35:00,48.484,48.589,48.484,48.579,4769,0
2018-03-16,17:40:00,48.639,48.639,48.489,48.524,3644,0
2018-03-16,17:45:00,48.499,48.549,48.499,48.499,2301,0
2018-03-16,17:50:00,48.499,48.499,48.474,48.479,1655,0
2018-03-16,17:55:00,48.499,48.519,48.409,48.419,4796,0
2018-03-16,18:00:00,48.439,48.459,48.404,48.459,1451,0
2018-03-16,18:05:00,48.489,48.509,48.459,48.499,2742,0
2018-03-16,18:10:00,48.489,48.559,48.469,48.519,2632,0
2018-03-16,18:15:00,48.499,48.559,48.439,48.464,2818,0
2018-03-16,18:20:00,48.464,48.464,48.409,48.449,2606,0
2018-03-16,18:25:00,48.419,48.459,48.414,48.419,1001,0
2018-03-16,18:30:00,48.399,48.439,48.399,48.419,3337,0
2018-03-16,18:35:00,48.449,48.449,48.379,48.449,1900,0
2018-03-16,18:40:00,48.409,48.409,48.319,48.379,4452,0
2018-03-16,18:45:00,48.319,48.319,48.229,48.229,2138,0
2018-03-16,18:50:00,48.259,48.259,48.179,48.199,2816,0
2018-03-16,18:55:00,48.199,48.199,48.149,48.169,2440,0
2018-03-16,19:00:00,48.159,48.209,48.11,48.199,3154,0
2018-03-16,19:05:00,48.199,48.219,48.139,48.189,3943,0
2018-03-16,19:10:00,48.219,48.249,48.209,48.219,1401,0
2018-03-16,19:15:00,48.199,48.239,48.189,48.219,2201,0
2018-03-16,19:20:00,48.249,48.249,48.204,48.204,3103,0
2018-03-16,19:25:00,48.219,48.249,48.189,48.249,3006,0
2018-03-16,19:30:00,48.239,48.309,48.219,48.269,6154,0
2018-03-16,19:35:00,48.309,48.329,48.279,48.299,2045,0
2018-03-16,19:40:00,48.309,48.339,48.289,48.289,3302,0
2018-03-16,19:45:00,48.309,48.339,48.299,48.299,1406,0
2018-03-16,19:50:00,48.299,48.299,48.269,48.277,3150,0
2018-03-16,19:55:00,48.289,48.349,48.259,48.349,5773,0
2018-03-16,20:00:00,48.359,48.359,48.329,48.329,1461,0
2018-03-16,20:05:00,48.319,48.379,48.319,48.349,3102,0
2018-03-16,20:10:00,48.349,48.369,48.309,48.359,4456,0
2018-03-16,20:15:00,48.349,48.389,48.349,48.359,3502,0
2018-03-16,20:20:00,48.349,48.389,48.319,48.359,5221,0
2018-03-16,20:25:00,48.359,48.409,48.359,48.389,1303,0
2018-03-16,20:30:00,48.409,48.559,48.389,48.559,11827,0
2018-03-16,20:35:00,48.549,48.739,48.539,48.739,16110,0
2018-03-16,20:40:00,48.719,48.749,48.629,48.679,15339,0
2018-03-16,20:45:00,48.709,48.719,48.629,48.651,16065,0
2018-03-16,20:50:00,48.659,48.659,48.419,48.449,27351,0
2018-03-16,20:55:00,48.469,48.469,48.409,48.434,12922,0
2018-03-16,21:00:00,48.429,48.449,47.94,48.219,185011,0
2018-03-19,14:35:00,48.149,48.209,47.82,48.209,12831,0
2018-03-19,14:40:00,48.209,48.279,48.112,48.129,2945,0
2018-03-19,14:45:00,48.159,48.159,47.95,47.95,1601,0
2018-03-19,14:50:00,47.905,48.039,47.905,47.92,2952,0
2018-03-19,14:55:00,47.84,47.97,47.84,47.86,700,0
2018-03-19,15:00:00,47.972,47.972,47.87,47.88,1937,0
2018-03-19,15:05:00,47.87,47.87,47.68,47.72,5984,0
2018-03-19,15:10:00,47.78,47.83,47.76,47.76,2201,0
2018-03-19,15:15:00,47.745,47.745,47.59,47.61,1801,0
2018-03-19,15:20:00,47.565,47.625,47.52,47.58,2201,0
2018-03-19,15:25:00,47.59,47.6,47.43,47.44,5773,0
2018-03-19,15:30:00,47.44,47.5,47.4,47.48,6354,0
2018-03-19,15:35:00,47.47,47.59,47.47,47.58,1201,0
2018-03-19,15:40:00,47.6,47.715,47.59,47.715,3602,0
2018-03-19,15:45:00,47.719,47.73,47.59,47.62,7315,0
2018-03-19,15:50:00,47.58,47.581,47.52,47.52,1851,0
2018-03-19,15:55:00,47.52,47.52,47.37,47.43,3802,0
2018-03-19,16:00:00,47.431,47.52,47.4,47.52,3402,0
2018-03-19,16:05:00,47.58,47.58,47.44,47.45,2611,0
2018-03-19,16:10:00,47.43,47.52,47.42,47.52,2879,0
2018-03-19,16:15:00,47.52,47.58,47.52,47.54,3202,0
2018-03-19,16:20:00,47.54,47.54,47.49,47.5,3502,0
2018-03-19,16:25:00,47.5,47.61,47.5,47.61,1306,0
2018-03-19,16:30:00,47.565,47.6,47.565,47.6,1001,0
2018-03-19,16:35:00,47.6,47.66,47.57,47.63,2201,0
2018-03-19,16:40:00,47.63,47.65,47.61,47.62,2802,0
2018-03-19,16:45:00,47.56,47.58,47.54,47.571,1101,0
2018-03-19,16:50:00,47.59,47.59,47.52,47.54,1801,0
2018-03-19,16:55:00,47.55,47.57,47.54,47.54,1801,0
2018-03-19,17:00:00,47.53,47.53,47.41,47.41,2172,0
2018-03-19,17:05:00,47.41,47.46,47.4,47.425,3427,0
2018-03-19,17:10:00,47.44,47.45,47.4,47.4,2910,0
2018-03-19,17:15:00,47.4,47.41,47.35,47.4,3003,0
2018-03-19,17:20:00,47.36,47.47,47.35,47.47,3402,0
2018-03-19,17:25:00,47.44,47.49,47.4,47.44,4003,0
2018-03-19,17:30:00,47.44,47.54,47.44,47.54,4698,0
2018-03-19,17:35:00,47.55,47.56,47.47,47.47,2301,0
2018-03-19,17:40:00,47.51,47.52,47.46,47.515,888,0
2018-03-19,17:45:00,47.48,47.522,47.46,47.47,3024,0
2018-03-19,17:50:00,47.46,47.46,47.31,47.33,4003,0
2018-03-19,17:55:00,47.38,47.43,47.35,47.37,2301,0
2018-03-19,18:00:00,47.35,47.37,47.33,47.36,1930,0
2018-03-19,18:05:00,47.33,47.367,47.26,47.26,2193,0
2018-03-19,18:10:00,47.27,47.27,47.16,47.16,4443,0
2018-03-19,18:15:00,47.15,47.17,47.1,47.13,6731,0
2018-03-19,18:20:00,47.13,47.24,47.13,47.24,2301,0
2018-03-19,18:25:00,47.22,47.22,47.2,47.21,1601,0
2018-03-19,18:30:00,47.23,47.26,47.18,47.22,3949,0
2018-03-19,18:35:00,47.21,47.22,47.13,47.16,2301,0
2018-03-19,18:40:00,47.2,47.37,47.2,47.37,1101,0
2018-03-19,18:45:00,47.33,47.33,47.28,47.28,1094,0
2018-03-19,18:50:00,47.32,47.35,47.3,47.35,3928,0
2018-03-19,18:55:00,47.33,47.38,47.33,47.36,1601,0
2018-03-19,19:00:00,47.36,47.39,47.33,47.38,4403,0
2018-03-19,19:05:00,47.41,47.43,47.41,47.42,1780,0
2018-03-19,19:10:00,47.4,47.42,47.38,47.38,1201,0
2018-03-19,19:15:00,47.36,47.44,47.36,47.39,3002,0
2018-03-19,19:20:00,47.39,47.42,47.38,47.39,1501,0
2018-03-19,19:25:00,47.37,47.385,47.28,47.28,3909,0
2018-03-19,19:30:00,47.31,47.33,47.23,47.3,10174,0
2018-03-19,19:35:00,47.26,47.29,47.19,47.205,3075,0
2018-03-19,19:40:00,47.19,47.19,47.1,47.13,3202,0
2018-03-19,19:45:00,47.11,47.13,47.07,47.09,2501,0
2018-03-19,19:50:00,47.13,47.16,47.11,47.11,4055,0
2018-03-19,19:55:00,47.08,47.12,47.03,47.09,8096,0
2018-03-19,20:00:00,47.08,47.17,47.07,47.14,4695,0
2018-03-19,20:05:00,47.15,47.18,47.1,47.18,5024,0
2018-03-19,20:10:00,47.17,47.3,47.17,47.19,4329,0
2018-03-19,20:15:00,47.18,47.21,47.14,47.16,4309,0
2018-03-19,20:20:00,47.18,47.38,47.17,47.32,5303,0
2018-03-19,20:25:00,47.35,47.37,47.25,47.25,7301,0
2018-03-19,20:30:00,47.27,47.28,47.23,47.23,6581,0
2018-03-19,20:35:00,47.26,47.26,47.14,47.18,15061,0
2018-03-19,20:40:00,47.17,47.32,47.14,47.3,8521,0
2018-03-19,20:45:00,47.3,47.4,47.29,47.36,13791,0
2018-03-19,20:50:00,47.33,47.42,47.305,47.31,15172,0
2018-03-19,20:55:00,47.31,47.33,47.24,47.32,28724,0
2018-03-19,21:00:00,47.3,47.38,47.3,47.31,116697,0
2018-03-20,14:35:00,47.24,47.31,47.24,47.25,6198,0
2018-03-20,14:40:00,47.25,47.44,47.25,47.44,200,0
2018-03-20,14:45:00,47.39,47.492,47.39,47.492,526,0
2018-03-20,14:50:00,47.475,47.71,47.39,47.68,5732,0
2018-03-20,14:55:00,47.68,47.68,47.57,47.57,1601,0
2018-03-20,15:00:00,47.5,47.5,47.36,47.405,2836,0
2018-03-20,15:05:00,47.523,47.54,47.45,47.49,9277,0
2018-03-20,15:10:00,47.48,47.48,47.36,47.36,4057,0
2018-03-20,15:15:00,47.31,47.31,47.24,47.24,2582,0
2018-03-20,15:20:00,47.24,47.37,47.17,47.37,3502,0
2018-03-20,15:25:00,47.41,47.41,47.37,47.41,3529,0
2018-03-20,15:30:00,47.39,47.42,47.36,47.41,3102,0
2018-03-20,15:35:00,47.41,47.56,47.41,47.56,1501,0
2018-03-20,15:40:00,47.55,47.55,47.46,47.46,1551,0
2018-03-20,15:45:00,47.5,47.54,47.43,47.43,3438,0
2018-03-20,15:50:00,47.47,47.52,47.31,47.33,4428,0
2018-03-20,15:55:00,47.33,47.34,47.32,47.32,813,0
2018-03-20,16:00:00,47.36,47.39,47.31,47.33,3305,0
2018-03-20,16:05:00,47.3,47.3,47.19,47.21,3902,0
2018-03-20,16:10:00,47.2,47.27,47.19,47.19,3304,0
2018-03-20,16:15:00,47.21,47.28,47.21,47.25,1201,0
2018-03-20,16:20:00,47.25,47.25,47.25,47.25,200,0
2018-03-20,16:25:00,47.3,47.35,47.3,47.35,1098,0
2018-03-20,16:30:00,47.415,47.415,47.35,47.375,3946,0
2018-03-20,16:35:00,47.38,47.47,47.37,47.47,2090,0
2018-03-20,16:40:00,47.47,47.55,47.46,47.51,1792,0
2018-03-20,16:45:00,47.49,47.5,47.41,47.45,2702,0
2018-03-20,16:50:00,47.455,47.5,47.455,47.465,901,0
2018-03-20,16:55:00,47.45,47.47,47.44,47.47,1114,0
2018-03-20,17:00:00,47.49,47.55,47.48,47.55,600,0
2018-03-20,17:05:00,47.53,47.53,47.42,47.42,3444,0
2018-03-20,17:10:00,47.41,47.41,47.36,47.39,801,0
2018-03-20,17:15:00,47.36,47.44,47.36,47.44,1501,0
2018-03-20,17:20:00,47.48,47.48,47.44,47.45,500,0
2018-03-20,17:25:00,47.49,47.51,47.47,47.51,600,0
2018-03-20,17:30:00,47.53,47.53,47.52,47.52,1001,0
2018-03-20,17:35:00,47.545,47.56,47.52,47.55,1461,0
2018-03-20,17:40:00,47.56,47.56,47.51,47.51,1783,0
2018-03-20,17:45:00,47.535,47.535,47.47,47.47,1822,0
2018-03-20,17:50:00,47.47,47.49,47.4,47.41,3739,0
2018-03-20,17:55:00,47.46,47.49,47.424,47.49,1833,0
2018-03-20,18:00:00,47.43,47.43,47.36,47.36,2101,0
2018-03-20,18:05:00,47.37,47.43,47.37,47.4,2505,0
2018-03-20,18:10:00,47.4,47.48,47.4,47.45,2001,0
2018-03-20,18:15:00,47.45,47.48,47.44,47.47,22512,0
2018-03-20,18:20:00,47.49,47.49,47.45,47.45,300,0
2018-03-20,18:25:00,47.45,47.465,47.45,47.46,500,0
2018-03-20,18:30:00,47.46,47.49,47.44,47.44,7276,0
2018-03-20,18:35:00,47.46,47.46,47.39,47.4,4073,0
2018-03-20,18:40:00,47.4,47.42,47.4,47.42,1582,0
2018-03-20,18:45:00,47.41,47.455,47.41,47.44,1801,0
2018-03-20,18:50:00,47.44,47.46,47.43,47.44,1201,0
2018-03-20,18:55:00,47.45,47.48,47.45,47.45,3302,0
2018-03-20,19:00:00,47.47,47.51,47.45,47.48,4465,0
2018-03-20,19:05:00,47.49,47.54,47.48,47.54,700,0
2018-03-20,19:10:00,47.57,47.59,47.55,47.59,434,0
2018-03-20,19:15:00,47.565,47.565,47.55,47.55,1301,0
2018-03-20,19:20:00,47.56,47.59,47.54,47.56,4490,0
2018-03-20,19:25:00,47.56,47.59,47.56,47.57,1101,0
2018-03-20,19:30:00,47.57,47.58,47.55,47.56,2766,0
2018-03-20,19:35:00,47.55,47.59,47.54,47.57,2101,0
2018-03-20,19:40:00,47.56,47.58,47.56,47.57,2378,0
2018-03-20,19:45:00,47.58,47.64,47.58,47.6,3318,0
2018-03-20,19:50:00,47.62,47.65,47.61,47.615,5503,0
2018-03-20,19:55:00,47.61,47.62,47.58,47.6,4319,0
2018-03-20,20:00:00,47.58,47.6,47.54,47.54,3178,0
2018-03-20,20:05:00,47.55,47.55,47.46,47.49,11587,0
2018-03-20,20:10:00,47.52,47.57,47.52,47.53,4392,0
2018-03-20,20:15:00,47.53,47.54,47.47,47.53,10741,0
2018-03-20,20:20:00,47.535,47.55,47.515,47.55,4066,0
2018-03-20,20:25:00,47.56,47.59,47.56,47.57,2770,0
2018-03-20,20:30:00,47.57,47.58,47.55,47.55,4120,0
2018-03-20,20:35:00,47.55,47.64,47.55,47.632,8755,0
2018-03-20,20:40:00,47.632,47.632,47.52,47.55,6101,0
2018-03-20,20:45:00,47.55,47.6,47.55,47.55,5958,0
2018-03-20,20:50:00,47.55,47.6,47.55,47.56,17486,0
2018-03-20,20:55:00,47.56,47.59,47.54,47.56,15612,0
2018-03-20,21:00:00,47.56,47.58,47.5,47.51,219066,0
2018-03-21,14:35:00,47.37,47.745,47.37,47.72,6784,0
2018-03-21,14:40:00,47.54,47.78,47.54,47.71,3522,0
2018-03-21,14:45:00,47.74,47.8,47.74,47.75,700,0
2018-03-21,14:50:00,47.8,47.98,47.8,47.98,2059,0
2018-03-21,14:55:00,47.955,48,47.91,47.91,2445,0
2018-03-21,15:00:00,47.85,47.87,47.77,47.87,1401,0
2018-03-21,15:05:00,47.77,47.82,47.675,47.74,2389,0
2018-03-21,15:10:00,47.74,47.74,47.6,47.605,1238,0
2018-03-21,15:15:00,47.6,47.61,47.57,47.57,500,0
2018-03-21,15:20:00,47.535,47.72,47.535,47.72,3458,0
2018-03-21,15:25:00,47.705,47.74,47.63,47.63,2663,0
2018-03-21,15:30:00,47.62,47.62,47.5,47.51,1885,0
2018-03-21,15:35:00,47.48,47.51,47.44,47.44,2923,0
2018-03-21,15:40:00,47.46,47.5,47.46,47.5,1601,0
2018-03-21,15:45:00,47.49,47.65,47.48,47.64,4349,0
2018-03-21,15:50:00,47.64,47.64,47.54,47.54,2502,0
2018-03-21,15:55:00,47.59,47.62,47.475,47.475,2856,0
2018-03-21,16:00:00,47.43,47.57,47.43,47.485,2241,0
2018-03-21,16:05:00,47.51,47.54,47.49,47.49,600,0
2018-03-21,16:10:00,47.46,47.47,47.44,47.46,1701,0
2018-03-21,16:15:00,47.44,47.46,47.37,47.37,1401,0
2018-03-21,16:20:00,47.375,47.38,47.31,47.37,6018,0
2018-03-21,16:25:00,47.33,47.38,47.32,47.38,2922,0
2018-03-21,16:30:00,47.4,47.48,47.4,47.44,2586,0
2018-03-21,16:35:00,47.41,47.43,47.41,47.42,357,0
2018-03-21,16:40:00,47.44,47.47,47.4,47.4,2000,0
2018-03-21,16:45:00,47.415,47.415,47.29,47.4,3726,0
2018-03-21,16:50:00,47.435,47.44,47.37,47.37,2201,0
2018-03-21,16:55:00,47.34,47.41,47.3,47.3,5845,0
2018-03-21,17:00:00,47.34,47.37,47.305,47.335,4403,0
2018-03-21,17:05:00,47.31,47.31,47.22,47.22,4551,0
2018-03-21,17:10:00,47.205,47.28,47.205,47.274,3618,0
2018-03-21,17:15:00,47.245,47.32,47.245,47.295,2271,0
2018-03-21,17:20:00,47.32,47.325,47.28,47.325,2201,0
2018-03-21,17:25:00,47.35,47.35,47.27,47.27,500,0
2018-03-21,17:30:00,47.26,47.38,47.26,47.38,4004,0
2018-03-21,17:35:00,47.372,47.372,47.35,47.355,675,0
2018-03-21,17:40:00,47.37,47.47,47.37,47.47,2871,0
2018-03-21,17:45:00,47.44,47.5,47.43,47.5,5839,0
2018-03-21,17:50:00,47.495,47.52,47.48,47.52,1238,0
2018-03-21,17:55:00,47.51,47.515,47.43,47.43,3702,0
2018-03-21,18:00:00,47.43,47.44,47.41,47.41,405,0
2018-03-21,18:05:00,47.39,47.39,47.28,47.31,5881,0
2018-03-21,18:10:00,47.32,47.4,47.28,47.39,2941,0
2018-03-21,18:15:00,47.4,47.4,47.375,47.38,1601,0
2018-03-21,18:20:00,47.39,47.4,47.36,47.36,1001,0
2018-03-21,18:25:00,47.34,47.36,47.33,47.36,1676,0
2018-03-21,18:30:00,47.345,47.39,47.345,47.39,1538,0
2018-03-21,18:35:00,47.38,47.38,47.37,47.37,200,0
2018-03-21,18:40:00,47.39,47.4,47.355,47.36,4560,0
2018-03-21,18:45:00,47.33,47.35,47.32,47.32,2101,0
2018-03-21,18:50:00,47.35,47.36,47.335,47.345,4511,0
2018-03-21,18:55:00,47.35,47.36,47.31,47.35,2001,0
2018-03-21,19:00:00,47.37,47.37,47.31,47.31,801,0
2018-03-21,19:05:00,47.325,47.46,47.325,47.38,5787,0
2018-03-21,19:10:00,47.38,47.475,47.38,47.475,1501,0
2018-03-21,19:15:00,47.48,47.49,47.46,47.49,2191,0
2018-03-21,19:20:00,47.51,47.61,47.51,47.59,4602,0
2018-03-21,19:25:00,47.59,47.605,47.49,47.54,4318,0
2018-03-21,19:30:00,47.48,47.49,47.44,47.48,4505,0
2018-03-21,19:35:00,47.48,47.547,47.45,47.547,2326,0
2018-03-21,19:40:00,47.52,47.52,47.39,47.39,3702,0
2018-03-21,19:45:00,47.41,47.48,47.35,47.48,3902,0
2018-03-21,19:50:00,47.45,47.45,47.35,47.365,2101,0
2018-03-21,19:55:00,47.34,47.34,47.26,47.3,4303,0
2018-03-21,20:00:00,47.31,47.35,47.305,47.35,2952,0
2018-03-21,20:05:00,47.35,47.475,47.35,47.45,5715,0
2018-03-21,20:10:00,47.44,47.48,47.385,47.46,4194,0
2018-03-21,20:15:00,47.48,47.57,47.43,47.57,10264,0
2018-03-21,20:20:00,47.58,47.58,47.47,47.555,5286,0
2018-03-21,20:25:00,47.53,47.54,47.47,47.52,4303,0
2018-03-21,20:30:00,47.535,47.535,47.44,47.46,10857,0
2018-03-21,20:35:00,47.45,47.48,47.4,47.46,15669,0
2018-03-21,20:40:00,47.45,47.51,47.41,47.49,6819,0
2018-03-21,20:45:00,47.48,47.51,47.38,47.38,16338,0
2018-03-21,20:50:00,47.37,47.46,47.37,47.435,12048,0
2018-03-21,20:55:00,47.42,47.42,47.355,47.38,25685,0
2018-03-21,21:00:00,47.37,47.42,47.32,47.34,63412,0
2018-03-22,14:35:00,46.85,46.98,46.48,46.98,6213,0
2018-03-22,14:40:00,47.11,47.11,46.98,46.98,200,0
2018-03-22,14:45:00,47.21,47.21,47.07,47.11,2910,0
2018-03-22,14:50:00,47.05,47.05,46.77,46.77,2850,0
2018-03-22,14:55:00,46.77,46.945,46.75,46.75,3089,0
2018-03-22,15:00:00,46.8,46.8,46.63,46.63,2400,0
2018-03-22,15:05:00,46.62,46.63,46.56,46.58,2700,0
2018-03-22,15:10:00,46.55,46.6,46.4,46.4,5118,0
2018-03-22,15:15:00,46.46,46.47,46.37,46.37,4466,0
2018-03-22,15:20:00,46.41,46.48,46.37,46.48,3100,0
2018-03-22,15:25:00,46.52,46.585,46.48,46.51,3265,0
2018-03-22,15:30:00,46.55,46.56,46.39,46.39,3000,0
2018-03-22,15:35:00,46.39,46.42,46.37,46.37,1800,0
2018-03-22,15:40:00,46.38,46.425,46.33,46.38,5000,0
2018-03-22,15:45:00,46.35,46.46,46.345,46.46,1300,0
2018-03-22,15:50:00,46.41,46.41,46.21,46.21,5011,0
2018-03-22,15:55:00,46.23,46.23,46.18,46.18,600,0
2018-03-22,16:00:00,46.19,46.19,46.1,46.17,7048,0
2018-03-22,16:05:00,46.2,46.2,46.135,46.135,1600,0
2018-03-22,16:10:00,46.12,46.28,46.11,46.24,6159,0
2018-03-22,16:15:00,46.3,46.34,46.3,46.3,2500,0
2018-03-22,16:20:00,46.295,46.38,46.27,46.38,3200,0
2018-03-22,16:25:00,46.33,46.36,46.24,46.29,7195,0
2018-03-22,16:30:00,46.3,46.3,46.22,46.24,3935,0
2018-03-22,16:35:00,46.26,46.26,46.05,46.05,1800,0
2018-03-22,16:40:00,46.08,46.08,46.02,46.02,1900,0
2018-03-22,16:45:00,46,46.08,45.97,46.06,7919,0
2018-03-22,16:50:00,46.07,46.2,46.04,46.15,4010,0
2018-03-22,16:55:00,46.13,46.2,46.12,46.19,4655,0
2018-03-22,17:00:00,46.16,46.18,46.13,46.18,1609,0
2018-03-22,17:05:00,46.14,46.18,46.08,46.13,3488,0
2018-03-22,17:10:00,46.15,46.17,46.11,46.11,6714,0
2018-03-22,17:15:00,46.13,46.23,46.11,46.17,3650,0
2018-03-22,17:20:00,46.17,46.38,46.17,46.36,3036,0
2018-03-22,17:25:00,46.41,46.43,46.4,46.42,2796,0
2018-03-22,17:30:00,46.4,46.57,46.4,46.57,3059,0
2018-03-22,17:35:00,46.54,46.58,46.515,46.56,2400,0
2018-03-22,17:40:00,46.55,46.58,46.51,46.53,1560,0
2018-03-22,17:45:00,46.51,46.595,46.51,46.595,2326,0
2018-03-22,17:50:00,46.58,46.63,46.57,46.62,5093,0
2018-03-22,17:55:00,46.605,46.71,46.605,46.69,1400,0
2018-03-22,18:00:00,46.64,46.67,46.63,46.67,2014,0
2018-03-22,18:05:00,46.64,46.64,46.6,46.63,4529,0
2018-03-22,18:10:00,46.61,46.63,46.58,46.61,900,0
2018-03-22,18:15:00,46.6,46.6,46.55,46.57,4328,0
2018-03-22,18:20:00,46.58,46.59,46.58,46.59,400,0
2018-03-22,18:25:00,46.56,46.71,46.54,46.71,2530,0
2018-03-22,18:30:00,46.76,46.87,46.72,46.83,3473,0
2018-03-22,18:35:00,46.81,46.81,46.74,46.77,4000,0
2018-03-22,18:40:00,46.81,46.89,46.81,46.81,2500,0
2018-03-22,18:45:00,46.8,46.84,46.78,46.82,1800,0
2018-03-22,18:50:00,46.83,46.87,46.79,46.79,1200,0
2018-03-22,18:55:00,46.79,46.8,46.78,46.78,1641,0
2018-03-22,19:00:00,46.76,46.81,46.74,46.74,4222,0
2018-03-22,19:05:00,46.75,46.77,46.7,46.72,3705,0
2018-03-22,19:10:00,46.67,46.67,46.53,46.53,2920,0
2018-03-22,19:15:00,46.53,46.57,46.53,46.54,2321,0
2018-03-22,19:20:00,46.54,46.55,46.52,46.52,1058,0
2018-03-22,19:25:00,46.53,46.53,46.47,46.47,4118,0
2018-03-22,19:30:00,46.475,46.475,46.43,46.45,3500,0
2018-03-22,19:35:00,46.44,46.46,46.43,46.45,1363,0
2018-03-22,19:40:00,46.45,46.46,46.4,46.46,4337,0
2018-03-22,19:45:00,46.45,46.45,46.39,46.41,7100,0
2018-03-22,19:50:00,46.39,46.42,46.39,46.41,2754,0
2018-03-22,19:55:00,46.4,46.44,46.4,46.435,1800,0
2018-03-22,20:00:00,46.42,46.44,46.36,46.38,6412,0
2018-03-22,20:05:00,46.36,46.48,46.36,46.46,4958,0
2018-03-22,20:10:00,46.46,46.465,46.42,46.42,4156,0
2018-03-22,20:15:00,46.44,46.46,46.41,46.41,3048,0
2018-03-22,20:20:00,46.41,46.42,46.29,46.29,7092,0
2018-03-22,20:25:00,46.28,46.35,46.275,46.34,7174,0
2018-03-22,20:30:00,46.35,46.36,46.24,46.24,4401,0
2018-03-22,20:35:00,46.23,46.23,46.19,46.22,10708,0
2018-03-22,20:40:00,46.23,46.25,46.13,46.135,13076,0
2018-03-22,20:45:00,46.12,46.135,46.07,46.09,14374,0
2018-03-22,20:50:00,46.09,46.09,45.96,46.01,26317,0
2018-03-22,20:55:00,46,46.035,45.94,45.945,29192,0
2018-03-22,21:00:00,45.945,46.01,45.89,45.94,218161,0
2018-03-23,14:35:00,46.03,46.165,45.8236,46.165,7828,0
2018-03-23,14:40:00,46.39,46.39,46.04,46.187,2508,0
2018-03-23,14:45:00,46.3,46.3,46.11,46.155,2200,0
2018-03-23,14:50:00,46.1,46.1,46.03,46.09,500,0
2018-03-23,14:55:00,46.21,46.21,46.165,46.17,800,0
2018-03-23,15:00:00,46.17,46.17,46.1,46.115,1200,0
2018-03-23,15:05:00,46.06,46.24,46.06,46.17,3090,0
2018-03-23,15:10:00,46.14,46.18,46.04,46.08,1911,0
2018-03-23,15:15:00,46.125,46.24,46.125,46.21,2411,0
2018-03-23,15:20:00,46.16,46.24,46.08,46.13,1500,0
2018-03-23,15:25:00,46.105,46.14,46.05,46.05,2400,0
2018-03-23,15:30:00,46.05,46.14,45.97,46.14,5835,0
2018-03-23,15:35:00,46.13,46.28,46.13,46.27,1602,0
2018-03-23,15:40:00,46.27,46.35,46.26,46.34,2896,0
2018-03-23,15:45:00,46.34,46.37,46.28,46.3,1489,0
2018-03-23,15:50:00,46.27,46.34,46.26,46.26,1100,0
2018-03-23,15:55:00,46.29,46.31,46.24,46.24,1518,0
2018-03-23,16:00:00,46.25,46.4,46.21,46.4,4100,0
2018-03-23,16:05:00,46.35,46.45,46.35,46.38,2157,0
2018-03-23,16:10:00,46.365,46.37,46.3,46.3,900,0
2018-03-23,16:15:00,46.27,46.27,46.21,46.23,895,0
2018-03-23,16:20:00,46.25,46.3,46.25,46.3,1666,0
2018-03-23,16:25:00,46.25,46.45,46.23,46.45,3301,0
2018-03-23,16:30:00,46.415,46.44,46.3,46.3,2100,0
2018-03-23,16:35:00,46.29,46.295,46.23,46.28,700,0
2018-03-23,16:40:00,46.24,46.27,46.19,46.19,2400,0
2018-03-23,16:45:00,46.16,46.16,46.05,46.08,2936,0
2018-03-23,16:50:00,46.04,46.04,45.87,45.93,2500,0
2018-03-23,16:55:00,45.88,45.94,45.85,45.94,2708,0
2018-03-23,17:00:00,45.87,45.91,45.79,45.793,2525,0
2018-03-23,17:05:00,45.82,45.9,45.82,45.9,3308,0
2018-03-23,17:10:00,45.87,45.9,45.82,45.84,2300,0
2018-03-23,17:15:00,45.89,45.89,45.79,45.86,3602,0
2018-03-23,17:20:00,45.83,45.83,45.76,45.77,1600,0
2018-03-23,17:25:00,45.8,45.82,45.78,45.8,3100,0
2018-03-23,17:30:00,45.845,45.88,45.83,45.86,5017,0
2018-03-23,17:35:00,45.8799,45.92,45.835,45.91,4373,0
2018-03-23,17:40:00,45.91,45.96,45.9,45.9,2100,0
2018-03-23,17:45:00,45.9,45.9,45.8,45.8,2400,0
2018-03-23,17:50:00,45.78,45.88,45.78,45.88,1805,0
2018-03-23,17:55:00,45.8875,45.9,45.83,45.875,3400,0
2018-03-23,18:00:00,45.85,45.85,45.8,45.8375,3188,0
2018-03-23,18:05:00,45.82,45.91,45.79,45.91,2700,0
2018-03-23,18:10:00,45.9,45.95,45.84,45.95,1400,0
2018-03-23,18:15:00,45.97,46.1,45.97,46.05,2030,0
2018-03-23,18:20:00,46.03,46.08,46,46.08,1700,0
2018-03-23,18:25:00,46.07,46.17,46.07,46.17,1100,0
2018-03-23,18:30:00,46.19,46.19,46.11,46.17,2886,0
2018-03-23,18:35:00,46.16,46.23,46.14,46.14,2906,0
2018-03-23,18:40:00,46.11,46.11,46.04,46.04,1700,0
2018-03-23,18:45:00,46.04,46.04,45.95,45.99,1100,0
2018-03-23,18:50:00,46.03,46.12,46.03,46.09,1500,0
2018-03-23,18:55:00,46.12,46.16,46.12,46.16,500,0
2018-03-23,19:00:00,46.16,46.17,46.1,46.13,1267,0
2018-03-23,19:05:00,46.14,46.18,46.065,46.08,2365,0
2018-03-23,19:10:00,46.06,46.06,45.99,45.99,1550,0
2018-03-23,19:15:00,45.98,45.98,45.89,45.95,2400,0
2018-03-23,19:20:00,45.94,45.96,45.89,45.91,3000,0
2018-03-23,19:25:00,45.92,45.96,45.9,45.95,1300,0
2018-03-23,19:30:00,45.9,45.97,45.89,45.91,2556,0
2018-03-23,19:35:00,45.91,45.91,45.82,45.82,1498,0
2018-03-23,19:40:00,45.82,45.84,45.78,45.84,3889,0
2018-03-23,19:45:00,45.79,45.89,45.78,45.88,10295,0
2018-03-23,19:50:00,45.86,45.87,45.79,45.8,5993,0
2018-03-23,19:55:00,45.8,45.85,45.78,45.81,4140,0
2018-03-23,20:00:00,45.81,45.825,45.68,45.7,6028,0
2018-03-23,20:05:00,45.7,45.71,45.66,45.68,8542,0
2018-03-23,20:10:00,45.69,45.7525,45.69,45.7,6192,0
2018-03-23,20:15:00,45.72,45.835,45.7,45.82,6430,0
2018-03-23,20:20:00,45.84,45.96,45.84,45.91,3600,0
2018-03-23,20:25:00,45.93,45.93,45.82,45.82,6668,0
2018-03-23,20:30:00,45.8,45.91,45.8,45.86,5799,0
2018-03-23,20:35:00,45.86,45.86,45.74,45.82,5207,0
2018-03-23,20:40:00,45.78,45.79,45.65,45.66,20383,0
2018-03-23,20:45:00,45.69,45.74,45.62,45.66,19325,0
2018-03-23,20:50:00,45.63,45.64,45.44,45.45,20287,0
2018-03-23,20:55:00,45.45,45.47,45.39,45.43,14223,0
2018-03-23,21:00:00,45.43,45.49,45.25,45.3,122018,0
2018-03-26,15:35:00,45.93,46.17,45.92,46.17,5750,0
2018-03-26,15:40:00,45.89,46.1012,45.59,45.59,3396,0
2018-03-26,15:45:00,45.62,45.666,45.55,45.6,1523,0
2018-03-26,15:50:00,45.6,45.61,45.38,45.38,4810,0
2018-03-26,15:55:00,45.32,45.32,45.12,45.25,7577,0
2018-03-26,16:00:00,45.28,45.38,45.21,45.22,5751,0
2018-03-26,16:05:00,45.2,45.42,45.18,45.4001,3070,0
2018-03-26,16:10:00,45.44,45.44,45.31,45.31,4402,0
2018-03-26,16:15:00,45.26,45.32,45.26,45.32,1437,0
2018-03-26,16:20:00,45.32,45.32,45.18,45.23,24327,0
2018-03-26,16:25:00,45.22,45.35,45.22,45.35,9892,0
2018-03-26,16:30:00,45.38,45.47,45.35,45.44,5200,0
2018-03-26,16:35:00,45.48,45.54,45.44,45.44,2700,0
2018-03-26,16:40:00,45.47,45.57,45.47,45.57,5095,0
2018-03-26,16:45:00,45.5652,45.61,45.53,45.55,3205,0
2018-03-26,16:50:00,45.53,45.57,45.5,45.54,3830,0
2018-03-26,16:55:00,45.54,45.56,45.43,45.43,2400,0
2018-03-26,17:00:00,45.4,45.49,45.4,45.47,3500,0
2018-03-26,17:05:00,45.44,45.49,45.4,45.49,3900,0
2018-03-26,17:10:00,45.51,45.53,45.44,45.44,4313,0
2018-03-26,17:15:00,45.46,45.59,45.4505,45.47,2637,0
2018-03-26,17:20:00,45.51,45.54,45.49,45.49,1200,0
2018-03-26,17:25:00,45.52,45.62,45.49,45.595,5982,0
2018-03-26,17:30:00,45.57,45.6,45.49,45.54,2600,0
2018-03-26,17:35:00,45.5,45.57,45.48,45.52,2650,0
2018-03-26,17:40:00,45.555,45.58,45.54,45.54,1100,0
2018-03-26,17:45:00,45.57,45.63,45.51,45.59,5110,0
2018-03-26,17:50:00,45.59,45.63,45.58,45.62,2400,0
2018-03-26,17:55:00,45.62,45.69,45.61,45.62,3059,0
2018-03-26,18:00:00,45.67,45.67,45.57,45.6,2238,0
2018-03-26,18:05:00,45.59,45.62,45.53,45.53,1400,0
2018-03-26,18:10:00,45.54,45.68,45.54,45.65,2100,0
2018-03-26,18:15:00,45.62,45.7,45.62,45.68,1900,0
2018-03-26,18:20:00,45.72,45.72,45.71,45.71,600,0
2018-03-26,18:25:00,45.735,45.83,45.735,45.82,2900,0
2018-03-26,18:30:00,45.84,45.92,45.78,45.81,1850,0
2018-03-26,18:35:00,45.81,45.83,45.76,45.77,2000,0
2018-03-26,18:40:00,45.76,45.81,45.71,45.76,2300,0
2018-03-26,18:45:00,45.7147,45.76,45.66,45.7,2570,0
2018-03-26,18:50:00,45.71,45.71,45.61,45.61,1100,0
2018-03-26,18:55:00,45.63,45.67,45.61,45.61,2400,0
2018-03-26,19:00:00,45.58,45.65,45.56,45.56,2100,0
2018-03-26,19:05:00,45.59,45.6,45.55,45.6,800,0
2018-03-26,19:10:00,45.6,45.63,45.5956,45.61,3218,0
2018-03-26,19:15:00,45.64,45.655,45.64,45.655,500,0
2018-03-26,19:20:00,45.71,45.72,45.66,45.68,1710,0
2018-03-26,19:25:00,45.71,45.75,45.69,45.73,4067,0
2018-03-26,19:30:00,45.76,45.79,45.71,45.71,2400,0
2018-03-26,19:35:00,45.74,45.755,45.635,45.6595,3383,0
2018-03-26,19:40:00,45.605,45.71,45.605,45.71,900,0
2018-03-26,19:45:00,45.74,45.8,45.74,45.8,2600,0
2018-03-26,19:50:00,45.75,45.84,45.75,45.84,1100,0
2018-03-26,19:55:00,45.79,45.81,45.73,45.73,2350,0
2018-03-26,20:00:00,45.7,45.75,45.7,45.75,2700,0
2018-03-26,20:05:00,45.76,45.77,45.71,45.72,5100,0
2018-03-26,20:10:00,45.74,45.79,45.73,45.79,2200,0
2018-03-26,20:15:00,45.81,45.83,45.795,45.8,2200,0
2018-03-26,20:20:00,45.83,45.855,45.82,45.855,2100,0
2018-03-26,20:25:00,45.87,45.87,45.81,45.83,4040,0
2018-03-26,20:30:00,45.835,45.89,45.835,45.88,1700,0
2018-03-26,20:35:00,45.89,45.97,45.89,45.95,2238,0
2018-03-26,20:40:00,45.93,45.98,45.92,45.98,2656,0
2018-03-26,20:45:00,45.98,46.02,45.97,46.01,2800,0
2018-03-26,20:50:00,46,46,45.97,45.97,2000,0
2018-03-26,20:55:00,45.97,46.08,45.95,46.08,5100,0
2018-03-26,21:00:00,46.05,46.13,46.05,46.07,4022,0
2018-03-26,21:05:00,46.07,46.16,46.05,46.11,3700,0
2018-03-26,21:10:00,46.12,46.14,46.05,46.12,3000,0
2018-03-26,21:15:00,46.12,46.12,46.05,46.1,2222,0
2018-03-26,21:20:00,46.11,46.15,46.08,46.12,6942,0
2018-03-26,21:25:00,46.15,46.19,46.14,46.19,2900,0
2018-03-26,21:30:00,46.17,46.21,46.155,46.21,3100,0
2018-03-26,21:35:00,46.23,46.29,46.21,46.24,6643,0
2018-03-26,21:40:00,46.22,46.22,46.14,46.175,8283,0
2018-03-26,21:45:00,46.2,46.29,46.18,46.29,5622,0
2018-03-26,21:50:00,46.29,46.36,46.28,46.33,9547,0
2018-03-26,21:55:00,46.34,46.34,46.24,46.25,10248,0
2018-03-26,22:00:00,46.255,46.26,46.2,46.23,125241,0
2018-03-27,15:35:00,46.17,46.24,46.05,46.05,4372,0
2018-03-27,15:40:00,46.19,46.6,46.19,46.6,1500,0
2018-03-27,15:45:00,46.6,46.6,46.27,46.33,1900,0
2018-03-27,15:50:00,46.23,46.43,46.13,46.13,1400,0
2018-03-27,15:55:00,46.13,46.21,45.99,46.055,3400,0
2018-03-27,16:00:00,46.05,46.23,46.02,46.23,1043,0
2018-03-27,16:05:00,46.16,46.24,46.06,46.24,5314,0
2018-03-27,16:10:00,46.255,46.31,46.2,46.2,1900,0
2018-03-27,16:15:00,46.22,46.22,46.12,46.14,1500,0
2018-03-27,16:20:00,46.16,46.16,45.96,45.98,6214,0
2018-03-27,16:25:00,45.9676,45.9676,45.81,45.81,3075,0
2018-03-27,16:30:00,45.8,45.95,45.8,45.95,1670,0
2018-03-27,16:35:00,45.87,45.87,45.78,45.78,1900,0
2018-03-27,16:40:00,45.8,45.8548,45.8,45.8548,1200,0
2018-03-27,16:45:00,45.85,45.95,45.84,45.91,3583,0
2018-03-27,16:50:00,45.91,45.94,45.88,45.88,3725,0
2018-03-27,16:55:00,45.87,45.89,45.76,45.76,1900,0
2018-03-27,17:00:00,45.815,45.91,45.77,45.83,2800,0
2018-03-27,17:05:00,45.79,45.82,45.74,45.79,2900,0
2018-03-27,17:10:00,45.82,45.82,45.72,45.76,1600,0
2018-03-27,17:15:00,45.765,45.85,45.75,45.85,2200,0
2018-03-27,17:20:00,45.845,45.92,45.82,45.845,3310,0
2018-03-27,17:25:00,45.82,45.835,45.77,45.81,2600,0
2018-03-27,17:30:00,45.81,45.81,45.74,45.76,3312,0
2018-03-27,17:35:00,45.78,45.89,45.78,45.86,2571,0
2018-03-27,17:40:00,45.86,46.01,45.84,45.97,4100,0
2018-03-27,17:45:00,45.99,46.13,45.99,46.13,3500,0
2018-03-27,17:50:00,46.12,46.16,46.11,46.16,3960,0
2018-03-27,17:55:00,46.14,46.14,46.02,46.08,4089,0
2018-03-27,18:00:00,46.08,46.08,45.99,46.04,1700,0
2018-03-27,18:05:00,46.04,46.05,46.02,46.02,1409,0
2018-03-27,18:10:00,46.06,46.06,45.97,45.99,2400,0
2018-03-27,18:15:00,46,46.02,45.99,45.99,2221,0
2018-03-27,18:20:00,46,46.04,46,46.04,3058,0
2018-03-27,18:25:00,46.09,46.09,46.03,46.07,5263,0
2018-03-27,18:30:00,46.06,46.06,45.99,45.99,2100,0
2018-03-27,18:35:00,45.98,45.98,45.89,45.93,2700,0
2018-03-27,18:40:00,45.9401,45.95,45.9,45.9,1300,0
2018-03-27,18:45:00,45.9,45.935,45.85,45.9,3289,0
2018-03-27,18:50:00,45.87,45.92,45.87,45.88,3003,0
2018-03-27,18:55:00,45.88,45.96,45.88,45.96,2860,0
2018-03-27,19:00:00,45.95,45.96,45.92,45.95,2900,0
2018-03-27,19:05:00,46,46,45.98,46,900,0
2018-03-27,19:10:00,46,46.05,46,46.05,800,0
2018-03-27,19:15:00,46.03,46.11,46.03,46.11,1600,0
2018-03-27,19:20:00,46.18,46.18,46.09,46.09,4484,0
2018-03-27,19:25:00,46.11,46.11,45.99,45.99,4900,0
2018-03-27,19:30:00,45.98,46.0224,45.98,45.99,1415,0
2018-03-27,19:35:00,45.96,45.98,45.95,45.97,1600,0
2018-03-27,19:40:00,45.99,45.99,45.95,45.98,900,0
2018-03-27,19:45:00,45.97,46.03,45.94,46.03,1430,0
2018-03-27,19:50:00,46,46.05,45.98,46.02,13622,0
2018-03-27,19:55:00,46.02,46.095,46.02,46.09,5775,0
2018-03-27,20:00:00,46.105,46.175,46.09,46.175,1900,0
2018-03-27,20:05:00,46.17,46.18,46.115,46.16,15385,0
2018-03-27,20:10:00,46.16,46.17,46.12,46.139,8000,0
2018-03-27,20:15:00,46.14,46.15,46.12,46.15,7000,0
2018-03-27,20:20:00,46.17,46.22,46.15,46.22,1700,0
2018-03-27,20:25:00,46.26,46.26,46.21,46.26,5203,0
2018-03-27,20:30:00,46.21,46.21,45.99,46,4657,0
2018-03-27,20:35:00,45.99,46.08,45.98,46.05,4115,0
2018-03-27,20:40:00,46.0597,46.09,46.005,46.01,3180,0
2018-03-27,20:45:00,46.04,46.07,45.99,45.99,2400,0
2018-03-27,20:50:00,45.97,45.97,45.81,45.81,4802,0
2018-03-27,20:55:00,45.84,45.88,45.83,45.83,3000,0
2018-03-27,21:00:00,45.82,45.89,45.82,45.85,2500,0
2018-03-27,21:05:00,45.84,45.84,45.6655,45.69,3525,0
2018-03-27,21:10:00,45.64,45.66,45.57,45.61,3200,0
2018-03-27,21:15:00,45.61,45.63,45.55,45.57,4363,0
2018-03-27,21:20:00,45.61,45.75,45.61,45.71,4846,0
2018-03-27,21:25:00,45.67,45.68,45.62,45.63,5119,0
2018-03-27,21:30:00,45.63,45.63,45.43,45.48,4360,0
2018-03-27,21:35:00,45.46,45.46,45.26,45.35,12694,0
2018-03-27,21:40:00,45.37,45.55,45.37,45.52,10678,0
2018-03-27,21:45:00,45.51,45.55,45.38,45.38,5253,0
2018-03-27,21:50:00,45.39,45.39,45.21,45.27,7395,0
2018-03-27,21:55:00,45.28,45.47,45.27,45.38,14405,0
2018-03-27,22:00:00,45.38,45.49,45.32,45.42,135905,0
2018-03-28,15:35:00,45.47,45.475,45.23,45.475,5804,0
2018-03-28,15:45:00,45.43,45.79,45.42,45.68,3300,0
2018-03-28,15:50:00,45.73,45.935,45.58,45.935,1700,0
2018-03-28,15:55:00,45.93,46.05,45.89,45.91,3103,0
2018-03-28,16:00:00,45.89,45.93,45.76,45.93,2684,0
2018-03-28,16:05:00,45.97,46.1,45.96,46.04,2000,0
2018-03-28,16:10:00,46.07,46.08,46.03,46.06,3700,0
2018-03-28,16:15:00,46.04,46.1,45.91,45.91,2444,0
2018-03-28,16:20:00,45.89,46.27,45.81,45.97,117291,0
2018-03-28,16:25:00,46.02,46.139,46,46,10625,0
2018-03-28,16:30:00,46.079,46.079,45.95,46.001,6525,0
2018-03-28,16:35:00,46.0215,46.11,45.99,46.005,14582,0
2018-03-28,16:40:00,45.989,45.989,45.795,45.8,3920,0
2018-03-28,16:45:00,45.8098,45.8098,45.49,45.67,7233,0
2018-03-28,16:50:00,45.6475,45.71,45.61,45.63,3482,0
2018-03-28,16:55:00,45.5955,45.87,45.59,45.87,3492,0
2018-03-28,17:00:00,45.98,45.99,45.82,45.92,2900,0
2018-03-28,17:05:00,45.9422,46.06,45.9203,45.95,2200,0
2018-03-28,17:10:00,45.93,45.97,45.9,45.97,1500,0
2018-03-28,17:15:00,45.95,45.95,45.7792,45.8247,3000,0
2018-03-28,17:20:00,45.74,45.89,45.64,45.79,5183,0
2018-03-28,17:25:00,45.82,45.82,45.69,45.74,3750,0
2018-03-28,17:30:00,45.8,45.84,45.8,45.8,1500,0
2018-03-28,17:35:00,45.755,45.78,45.69,45.75,2200,0
2018-03-28,17:40:00,45.79,45.82,45.79,45.82,1200,0
2018-03-28,17:45:00,45.79,45.9,45.79,45.84,2800,0
2018-03-28,17:50:00,45.91,45.91,45.75,45.81,2050,0
2018-03-28,17:55:00,45.78,45.78,45.69,45.69,5100,0
2018-03-28,18:00:00,45.7,45.84,45.7,45.79,1859,0
2018-03-28,18:05:00,45.78,45.81,45.74,45.7733,2815,0
2018-03-28,18:10:00,45.715,45.76,45.71,45.72,1740,0
2018-03-28,18:15:00,45.73,45.93,45.73,45.93,2615,0
2018-03-28,18:20:00,45.9,45.93,45.8322,45.93,6527,0
2018-03-28,18:25:00,45.95,45.96,45.87,45.87,2600,0
2018-03-28,18:30:00,45.91,45.94,45.86,45.86,1950,0
2018-03-28,18:35:00,45.89,45.94,45.79,45.86,2200,0
2018-03-28,18:40:00,45.87,45.89,45.84,45.89,1600,0
2018-03-28,18:45:00,45.89,45.91,45.88,45.89,800,0
2018-03-28,18:50:00,45.86,45.94,45.85,45.88,1309,0
2018-03-28,18:55:00,45.88,45.88,45.81,45.81,3273,0
2018-03-28,19:00:00,45.8144,45.8144,45.7,45.73,1816,0
2018-03-28,19:05:00,45.67,45.71,45.64,45.71,1900,0
2018-03-28,19:10:00,45.74,45.79,45.72,45.76,2840,0
2018-03-28,19:15:00,45.76,45.81,45.74,45.81,1500,0
2018-03-28,19:20:00,45.81,45.83,45.77,45.77,2439,0
2018-03-28,19:25:00,45.8,45.95,45.8,45.95,2000,0
2018-03-28,19:30:00,45.95,45.95,45.87,45.87,1500,0
2018-03-28,19:35:00,45.92,45.92,45.84,45.91,1300,0
2018-03-28,19:40:00,45.94,45.96,45.87,45.89,1500,0
2018-03-28,19:45:00,45.87,45.87,45.85,45.87,1000,0
2018-03-28,19:50:00,45.86,45.95,45.84,45.92,3945,0
2018-03-28,19:55:00,45.86,45.86,45.78,45.78,3180,0
2018-03-28,20:00:00,45.8,45.82,45.75,45.77,2505,0
2018-03-28,20:05:00,45.77,45.8,45.73,45.73,2400,0
2018-03-28,20:10:00,45.73,45.73,45.67,45.6723,4995,0
2018-03-28,20:15:00,45.66,45.66,45.64,45.6514,674,0
2018-03-28,20:20:00,45.68,45.76,45.68,45.75,3095,0
2018-03-28,20:25:00,45.76,45.81,45.72,45.72,3457,0
2018-03-28,20:30:00,45.73,45.74,45.73,45.731,1343,0
2018-03-28,20:35:00,45.69,45.69,45.63,45.665,3220,0
2018-03-28,20:40:00,45.68,45.78,45.65,45.78,2301,0
2018-03-28,20:45:00,45.8,45.88,45.72,45.72,3614,0
2018-03-28,20:50:00,45.695,45.695,45.65,45.68,1999,0
2018-03-28,20:55:00,45.68,45.7,45.63,45.67,3398,0
2018-03-28,21:00:00,45.68,45.68,45.59,45.59,2505,0
2018-03-28,21:05:00,45.58,45.59,45.45,45.46,6325,0
2018-03-28,21:10:00,45.45,45.48,45.35,45.35,3000,0
2018-03-28,21:15:00,45.38,45.46,45.37,45.46,6565,0
2018-03-28,21:20:00,45.52,45.53,45.43,45.45,3799,0
2018-03-28,21:25:00,45.45,45.55,45.43,45.54,5634,0
2018-03-28,21:30:00,45.54,45.54,45.44,45.48,6847,0
2018-03-28,21:35:00,45.49,45.535,45.44,45.44,5750,0
2018-03-28,21:40:00,45.44,45.64,45.44,45.63,9967,0
2018-03-28,21:45:00,45.63,45.63,45.4808,45.4808,6025,0
2018-03-28,21:50:00,45.5,45.58,45.49,45.53,8213,0
2018-03-28,21:55:00,45.54,45.63,45.53,45.56,12227,0
2018-03-28,22:00:00,45.58,45.62,45.55,45.57,53337,0
2018-03-29,15:35:00,45.88,46.22,45.821,45.93,9314,0
2018-03-29,15:40:00,46.01,46.118,46,46,808,0
2018-03-29,15:45:00,46.02,46.02,46.02,46.02,150,0
2018-03-29,15:50:00,46.08,46.2056,46.08,46.2056,555,0
2018-03-29,15:55:00,46.23,46.36,46.22,46.36,2800,0
2018-03-29,16:00:00,46.385,46.62,46.385,46.61,7363,0
2018-03-29,16:05:00,46.66,46.755,46.65,46.65,5407,0
2018-03-29,16:10:00,46.64,46.64,46.43,46.43,2600,0
2018-03-29,16:15:00,46.44,46.535,46.43,46.535,8175,0
2018-03-29,16:20:00,46.5,46.52,46.38,46.51,4640,0
2018-03-29,16:25:00,46.49,46.56,46.49,46.555,800,0
2018-03-29,16:30:00,46.58,46.58,46.53,46.53,600,0
2018-03-29,16:35:00,46.53,46.68,46.53,46.68,2882,0
2018-03-29,16:40:00,46.75,46.79,46.72,46.79,2800,0
2018-03-29,16:45:00,46.81,46.86,46.81,46.85,3700,0
2018-03-29,16:50:00,46.82,46.82,46.72,46.72,3006,0
2018-03-29,16:55:00,46.745,46.79,46.745,46.7848,2800,0
2018-03-29,17:00:00,46.78,46.78,46.71,46.78,3330,0
2018-03-29,17:05:00,46.76,46.805,46.63,46.6925,4600,0
2018-03-29,17:10:00,46.71,46.7999,46.71,46.79,2335,0
2018-03-29,17:15:00,46.77,46.77,46.67,46.71,3386,0
2018-03-29,17:20:00,46.69,46.71,46.61,46.64,3687,0
2018-03-29,17:25:00,46.63,46.65,46.49,46.49,5443,0
2018-03-29,17:30:00,46.54,46.64,46.54,46.57,2725,0
2018-03-29,17:35:00,46.58,46.58,46.54,46.56,1500,0
2018-03-29,17:40:00,46.58,46.62,46.58,46.62,1625,0
2018-03-29,17:45:00,46.65,46.7,46.65,46.7,3607,0
2018-03-29,17:50:00,46.72,46.76,46.72,46.75,1107,0
2018-03-29,17:55:00,46.7899,46.7899,46.68,46.73,1860,0
2018-03-29,18:00:00,46.73,46.82,46.73,46.8,1200,0
2018-03-29,18:05:00,46.8,46.8,46.69,46.71,1300,0
2018-03-29,18:10:00,46.71,46.71,46.67,46.67,1602,0
2018-03-29,18:15:00,46.715,46.715,46.68,46.68,1048,0
2018-03-29,18:20:00,46.675,46.71,46.65,46.71,1100,0
2018-03-29,18:25:00,46.68,46.68,46.63,46.67,1601,0
2018-03-29,18:30:00,46.6999,46.7,46.68,46.69,900,0
2018-03-29,18:35:00,46.64,46.65,46.61,46.61,617,0
2018-03-29,18:40:00,46.63,46.71,46.61,46.71,2914,0
2018-03-29,18:45:00,46.67,46.8,46.67,46.8,1100,0
2018-03-29,18:50:00,46.78,46.7999,46.67,46.67,5151,0
2018-03-29,18:55:00,46.69,46.709,46.68,46.68,1213,0
2018-03-29,19:00:00,46.68,46.68,46.65,46.66,1100,0
2018-03-29,19:05:00,46.65,46.665,46.61,46.61,600,0
2018-03-29,19:10:00,46.605,46.605,46.51,46.51,1910,0
2018-03-29,19:15:00,46.52,46.55,46.52,46.55,598,0
2018-03-29,19:20:00,46.57,46.58,46.53,46.57,1400,0
2018-03-29,19:25:00,46.57,46.57,46.54,46.55,1500,0
2018-03-29,19:30:00,46.54,46.59,46.53,46.59,2799,0
2018-03-29,19:35:00,46.619,46.62,46.59,46.59,2401,0
2018-03-29,19:40:00,46.62,46.665,46.62,46.65,600,0
2018-03-29,19:45:00,46.62,46.69,46.62,46.69,1200,0
2018-03-29,19:50:00,46.68,46.7091,46.67,46.67,1534,0
2018-03-29,19:55:00,46.71,46.76,46.71,46.72,2492,0
2018-03-29,20:00:00,46.77,46.78,46.75,46.75,760,0
2018-03-29,20:05:00,46.72,46.76,46.72,46.75,2401,0
2018-03-29,20:10:00,46.72,46.81,46.72,46.81,1600,0
2018-03-29,20:15:00,46.84,46.87,46.8,46.87,1804,0
2018-03-29,20:20:00,46.84,46.84,46.8,46.8,600,0
2018-03-29,20:25:00,46.825,46.855,46.79,46.79,1800,0
2018-03-29,20:30:00,46.81,46.86,46.79,46.86,903,0
2018-03-29,20:35:00,46.9,46.95,46.89,46.94,5154,0
2018-03-29,20:40:00,46.975,46.98,46.925,46.925,3657,0
2018-03-29,20:45:00,46.95,46.99,46.93,46.98,2702,0
2018-03-29,20:50:00,46.985,47.05,46.985,47.02,2950,0
2018-03-29,20:55:00,47.03,47.03,46.9,46.93,8880,0
2018-03-29,21:00:00,46.95,46.96,46.805,46.84,7300,0
2018-03-29,21:05:00,46.815,46.95,46.79,46.92,6710,0
2018-03-29,21:10:00,46.9198,46.95,46.89,46.91,2739,0
2018-03-29,21:15:00,46.93,46.95,46.852,46.88,5540,0
2018-03-29,21:20:00,46.88,46.89,46.81,46.83,2953,0
2018-03-29,21:25:00,46.84,46.87,46.82,46.86,4227,0
2018-03-29,21:30:00,46.85,46.85,46.8,46.82,8000,0
2018-03-29,21:35:00,46.8499,46.86,46.75,46.75,5941,0
2018-03-29,21:40:00,46.735,46.76,46.66,46.74,6002,0
2018-03-29,21:45:00,46.75,46.77,46.67,46.68,5932,0
2018-03-29,21:50:00,46.7,46.77,46.7,46.75,14193,0
2018-03-29,21:55:00,46.75,46.77,46.66,46.66,15735,0
2018-03-29,22:00:00,46.65,46.665,46.58,46.6,134460,0
