Date,Time,Open,High,Low,Close,Volume,OpenInt
2018-03-14,14:35:00,32.99,33.12,32.94,32.94,4702,0
2018-03-14,14:40:00,33,33.1218,32.99,33.1218,1125,0
2018-03-14,14:45:00,33.08,33.09,32.96,32.97,3750,0
2018-03-14,14:50:00,32.99,33.12,32.94,33.105,8677,0
2018-03-14,14:55:00,33.105,33.1875,33.095,33.14,18382,0
2018-03-14,15:00:00,33.12,33.12,33,33,5057,0
2018-03-14,15:05:00,33.005,33.02,32.91,32.96,4200,0
2018-03-14,15:10:00,32.96,32.96,32.95,32.95,668,0
2018-03-14,15:15:00,32.93,32.995,32.93,32.995,800,0
2018-03-14,15:20:00,32.99,33,32.97,33,7485,0
2018-03-14,15:25:00,33.01,33.02,33,33,3601,0
2018-03-14,15:30:00,33.01,33.015,32.94,32.94,3400,0
2018-03-14,15:35:00,32.9,32.9,32.9,32.9,600,0
2018-03-14,15:40:00,32.88,32.98,32.88,32.95,3000,0
2018-03-14,15:45:00,32.94,33.01,32.91,33,6812,0
2018-03-14,15:50:00,33,33.015,32.9325,32.94,11855,0
2018-03-14,15:55:00,32.95,33.04,32.95,33,14310,0
2018-03-14,16:00:00,33.005,33.04,32.975,32.995,13730,0
2018-03-14,16:05:00,32.995,33.02,32.96,33.02,3400,0
2018-03-14,16:10:00,33.01,33.06,33,33.04,11127,0
2018-03-14,16:15:00,33.02,33.04,33.01,33.03,1320,0
2018-03-14,16:20:00,33.03,33.12,33.01,33.12,2400,0
2018-03-14,16:25:00,33.12,33.13,33.11,33.1275,6700,0
2018-03-14,16:30:00,33.12,33.12,33.1,33.115,21999,0
2018-03-14,16:35:00,33.12,33.13,33.04,33.04,5792,0
2018-03-14,16:40:00,33.02,33.06,33.02,33.06,450,0
2018-03-14,16:45:00,33.06,33.08,33.06,33.07,2950,0
2018-03-14,16:50:00,33.05,33.12,33.05,33.11,3300,0
2018-03-14,16:55:00,33.12,33.12,33.095,33.1,3366,0
2018-03-14,17:00:00,33.1,33.11,33.08,33.08,4085,0
2018-03-14,17:05:00,33.08,33.09,33.05,33.08,1100,0
2018-03-14,17:10:00,33.09,33.11,33.08,33.1,1300,0
2018-03-14,17:15:00,33.13,33.14,33.12,33.14,4153,0
2018-03-14,17:20:00,33.14,33.14,33.11,33.11,2998,0
2018-03-14,17:25:00,33.11,33.11,33.05,33.05,1500,0
2018-03-14,17:30:00,33.04,33.05,33.02,33.035,18900,0
2018-03-14,17:35:00,33.06,33.09,33.06,33.09,800,0
2018-03-14,17:40:00,33.1,33.14,33.1,33.12,23600,0
2018-03-14,17:45:00,33.12,33.13,33.11,33.13,4983,0
2018-03-14,17:50:00,33.14,33.17,33.11,33.11,4649,0
2018-03-14,17:55:00,33.08,33.1,33.05,33.05,800,0
2018-03-14,18:00:00,33.07,33.09,33.06,33.09,1748,0
2018-03-14,18:05:00,33.06,33.1,33.05,33.1,1450,0
2018-03-14,18:10:00,33.1,33.13,33.1,33.13,1162,0
2018-03-14,18:15:00,33.11,33.13,33.11,33.12,1338,0
2018-03-14,18:20:00,33.11,33.11,33.09,33.09,4400,0
2018-03-14,18:25:00,33.09,33.09,33.05,33.06,2391,0
2018-03-14,18:30:00,33.06,33.07,33.04,33.06,2615,0
2018-03-14,18:35:00,33.06,33.09,33.06,33.09,832,0
2018-03-14,18:40:00,33.09,33.09,33.09,33.09,200,0
2018-03-14,18:45:00,33.095,33.1,33.06,33.09,30061,0
2018-03-14,18:50:00,33.08,33.09,33.08,33.09,2700,0
2018-03-14,18:55:00,33.09,33.12,33.09,33.1,6372,0
2018-03-14,19:00:00,33.105,33.12,33.1,33.115,3110,0
2018-03-14,19:05:00,33.115,33.12,33.1,33.12,3300,0
2018-03-14,19:10:00,33.11,33.12,33.1,33.105,6453,0
2018-03-14,19:15:00,33.1,33.12,33.08,33.09,4000,0
2018-03-14,19:20:00,33.09,33.1,33.08,33.1,1900,0
2018-03-14,19:25:00,33.09,33.11,33.09,33.1,4300,0
2018-03-14,19:30:00,33.12,33.12,33.1,33.1,5636,0
2018-03-14,19:35:00,33.11,33.12,33.085,33.1,7160,0
2018-03-14,19:40:00,33.11,33.12,33.07,33.075,14080,0
2018-03-14,19:45:00,33.075,33.085,33.065,33.07,9854,0
2018-03-14,19:50:00,33.07,33.07,33.06,33.065,4400,0
2018-03-14,19:55:00,33.07,33.08,33.065,33.07,5700,0
2018-03-14,20:00:00,33.07,33.08,33.05,33.05,9582,0
2018-03-14,20:05:00,33.055,33.07,33.04,33.055,4741,0
2018-03-14,20:10:00,33.05,33.05,32.99,32.99,4825,0
2018-03-14,20:15:00,32.99,33,32.96,32.98,5386,0
2018-03-14,20:20:00,32.97,33.01,32.97,33.01,1600,0
2018-03-14,20:25:00,33,33.02,32.98,32.98,6700,0
2018-03-14,20:30:00,32.99,33,32.94,32.94,9377,0
2018-03-14,20:35:00,32.95,33.04,32.94,33.04,5802,0
2018-03-14,20:40:00,33.05,33.05,33.02,33.02,9257,0
2018-03-14,20:45:00,33.02,33.04,33,33.01,12636,0
2018-03-14,20:50:00,33.015,33.05,33.015,33.0475,19721,0
2018-03-14,20:55:00,33.04,33.06,33.04,33.055,12253,0
2018-03-14,21:00:00,33.055,33.06,33.04,33.06,68290,0
2018-03-15,14:35:00,33.21,33.2298,33.1,33.1,2584,0
2018-03-15,14:40:00,33.177,33.177,33.09,33.15,2662,0
2018-03-15,14:45:00,33.13,33.15,33.03,33.03,700,0
2018-03-15,14:50:00,33.12,33.14,33.1,33.135,2657,0
2018-03-15,14:55:00,33.13,33.13,32.99,32.99,1600,0
2018-03-15,15:00:00,33,33,32.93,32.93,1200,0
2018-03-15,15:05:00,32.92,32.935,32.87,32.89,2812,0
2018-03-15,15:10:00,32.94,33,32.92,32.95,1800,0
2018-03-15,15:15:00,33,33.01,32.94,32.98,3072,0
2018-03-15,15:20:00,32.96,32.97,32.93,32.97,1550,0
2018-03-15,15:25:00,32.99,33.005,32.99,32.99,1300,0
2018-03-15,15:30:00,32.96,32.96,32.87,32.91,2161,0
2018-03-15,15:35:00,32.94,32.985,32.9,32.985,1300,0
2018-03-15,15:40:00,32.96,32.96,32.92,32.93,1007,0
2018-03-15,15:45:00,32.91,32.95,32.9,32.935,3226,0
2018-03-15,15:50:00,32.96,33.02,32.96,33,1829,0
2018-03-15,15:55:00,32.995,32.995,32.95,32.97,800,0
2018-03-15,16:00:00,32.935,32.98,32.93,32.95,2588,0
2018-03-15,16:05:00,32.94,32.95,32.93,32.93,1300,0
2018-03-15,16:10:00,32.92,32.925,32.88,32.89,1015,0
2018-03-15,16:15:00,32.92,32.92,32.885,32.9,800,0
2018-03-15,16:20:00,32.9,32.91,32.89,32.89,700,0
2018-03-15,16:25:00,32.91,32.96,32.91,32.96,500,0
2018-03-15,16:30:00,32.945,32.945,32.895,32.895,1500,0
2018-03-15,16:35:00,32.92,32.96,32.92,32.96,486,0
2018-03-15,16:40:00,32.96,32.96,32.88,32.88,1405,0
2018-03-15,16:45:00,32.86,32.88,32.85,32.85,810,0
2018-03-15,16:50:00,32.86,32.86,32.8,32.83,1100,0
2018-03-15,16:55:00,32.81,32.81,32.77,32.78,1300,0
2018-03-15,17:00:00,32.78,32.82,32.78,32.8,700,0
2018-03-15,17:05:00,32.795,32.8,32.77,32.8,1698,0
2018-03-15,17:10:00,32.81,32.81,32.78,32.78,800,0
2018-03-15,17:15:00,32.78,32.86,32.78,32.86,1915,0
2018-03-15,17:20:00,32.82,32.82,32.82,32.82,200,0
2018-03-15,17:25:00,32.8,32.83,32.8,32.81,1086,0
2018-03-15,17:30:00,32.82,32.83,32.82,32.83,600,0
2018-03-15,17:35:00,32.84,32.87,32.83,32.87,1800,0
2018-03-15,17:40:00,32.87,32.88,32.87,32.88,400,0
2018-03-15,17:45:00,32.845,32.845,32.83,32.83,1000,0
2018-03-15,17:50:00,32.84,32.85,32.84,32.84,909,0
2018-03-15,17:55:00,32.86,32.87,32.86,32.87,400,0
2018-03-15,18:00:00,32.84,32.85,32.84,32.845,888,0
2018-03-15,18:05:00,32.8429,32.86,32.8429,32.86,700,0
2018-03-15,18:10:00,32.86,32.87,32.85,32.87,500,0
2018-03-15,18:15:00,32.87,32.87,32.87,32.87,100,0
2018-03-15,18:20:00,32.87,32.98,32.87,32.96,800,0
2018-03-15,18:25:00,32.94,32.95,32.91,32.93,1180,0
2018-03-15,18:30:00,32.9,32.91,32.89,32.91,894,0
2018-03-15,18:35:00,32.91,32.91,32.91,32.91,430,0
2018-03-15,18:40:00,32.92,32.92,32.885,32.885,500,0
2018-03-15,18:45:00,32.9,32.92,32.89,32.89,1167,0
2018-03-15,18:50:00,32.9,32.92,32.88,32.91,1555,0
2018-03-15,18:55:00,32.92,32.92,32.92,32.92,500,0
2018-03-15,19:00:00,32.92,32.92,32.91,32.91,1300,0
2018-03-15,19:05:00,32.93,32.96,32.93,32.96,2174,0
2018-03-15,19:10:00,32.93,32.93,32.9,32.91,1100,0
2018-03-15,19:15:00,32.88,32.88,32.84,32.84,600,0
2018-03-15,19:20:00,32.86,32.86,32.84,32.845,1234,0
2018-03-15,19:25:00,32.85,32.85,32.81,32.81,899,0
2018-03-15,19:30:00,32.8,32.81,32.76,32.76,1644,0
2018-03-15,19:35:00,32.765,32.7912,32.76,32.7912,1550,0
2018-03-15,19:40:00,32.79,32.83,32.79,32.83,1447,0
2018-03-15,19:45:00,32.84,32.84,32.78,32.78,1300,0
2018-03-15,19:50:00,32.775,32.81,32.775,32.8,1769,0
2018-03-15,19:55:00,32.81,32.81,32.76,32.76,729,0
2018-03-15,20:00:00,32.76,32.78,32.76,32.775,300,0
2018-03-15,20:05:00,32.795,32.795,32.78,32.78,1100,0
2018-03-15,20:10:00,32.78,32.8,32.78,32.79,900,0
2018-03-15,20:15:00,32.785,32.79,32.76,32.77,900,0
2018-03-15,20:20:00,32.79,32.8,32.78,32.79,2228,0
2018-03-15,20:25:00,32.785,32.81,32.785,32.81,700,0
2018-03-15,20:30:00,32.82,32.83,32.82,32.83,500,0
2018-03-15,20:35:00,32.84,32.87,32.83,32.83,2500,0
2018-03-15,20:40:00,32.84,32.84,32.78,32.78,3192,0
2018-03-15,20:45:00,32.79,32.83,32.78,32.82,4620,0
2018-03-15,20:50:00,32.84,32.86,32.81,32.86,6277,0
2018-03-15,20:55:00,32.86,32.87,32.85,32.85,3731,0
2018-03-15,21:00:00,32.85,32.91,32.84,32.9,134763,0
2018-03-16,14:35:00,32.93,32.93,32.93,32.93,54023,0
2018-03-16,14:40:00,33.01,33.03,32.99,33.03,1096,0
2018-03-16,14:45:00,32.93,32.99,32.91,32.99,4700,0
2018-03-16,14:50:00,32.9,32.95,32.9,32.9,1100,0
2018-03-16,14:55:00,32.93,33.05,32.89,32.89,3295,0
2018-03-16,15:00:00,32.9,32.99,32.89,32.97,2309,0
2018-03-16,15:05:00,32.92,32.98,32.89,32.96,4458,0
2018-03-16,15:10:00,32.98,33.02,32.97,32.99,3700,0
2018-03-16,15:15:00,32.96,32.9872,32.96,32.96,2200,0
2018-03-16,15:20:00,32.99,32.99,32.94,32.94,2200,0
2018-03-16,15:25:00,32.97,33.08,32.97,33.06,2216,0
2018-03-16,15:30:00,33.06,33.06,32.96,33,3300,0
2018-03-16,15:35:00,33.03,33.04,33.02,33.04,1378,0
2018-03-16,15:40:00,33.03,33.03,33,33.03,1300,0
2018-03-16,15:45:00,33.03,33.06,33.0195,33.04,4666,0
2018-03-16,15:50:00,33.02,33.02,32.9967,33,712,0
2018-03-16,15:55:00,33.02,33.02,32.96,32.9641,1900,0
2018-03-16,16:00:00,32.98,32.99,32.98,32.99,400,0
2018-03-16,16:05:00,32.96,32.96,32.96,32.96,100,0
2018-03-16,16:10:00,33.01,33.01,32.99,33.005,800,0
2018-03-16,16:15:00,33.02,33.07,33,33.05,3626,0
2018-03-16,16:20:00,33.06,33.08,33.03,33.03,3000,0
2018-03-16,16:25:00,33.03,33.06,33.03,33.05,2053,0
2018-03-16,16:30:00,33.04,33.05,33.03,33.04,1400,0
2018-03-16,16:35:00,33.06,33.06,33.03,33.03,2500,0
2018-03-16,16:40:00,33.035,33.06,33.035,33.055,3100,0
2018-03-16,16:45:00,33.06,33.08,33.05,33.05,4900,0
2018-03-16,16:50:00,33.09,33.11,33.06,33.06,3700,0
2018-03-16,16:55:00,33.06,33.12,33.06,33.12,35900,0
2018-03-16,17:00:00,33.12,33.15,33.11,33.145,6500,0
2018-03-16,17:05:00,33.14,33.14,33.11,33.11,600,0
2018-03-16,17:10:00,33.11,33.21,33.11,33.21,1849,0
2018-03-16,17:15:00,33.21,33.23,33.2,33.2,5653,0
2018-03-16,17:20:00,33.19,33.19,33.19,33.19,100,0
2018-03-16,17:25:00,33.18,33.18,33.17,33.17,700,0
2018-03-16,17:30:00,33.15,33.22,33.14,33.22,2524,0
2018-03-16,17:35:00,33.23,33.3,33.22,33.3,4279,0
2018-03-16,17:40:00,33.28,33.28,33.22,33.23,1400,0
2018-03-16,17:45:00,33.24,33.24,33.22,33.24,800,0
2018-03-16,17:50:00,33.255,33.27,33.24,33.26,700,0
2018-03-16,17:55:00,33.25,33.25,33.19,33.19,1874,0
2018-03-16,18:00:00,33.17,33.18,33.17,33.18,300,0
2018-03-16,18:10:00,33.17,33.195,33.13,33.145,1400,0
2018-03-16,18:15:00,33.15,33.15,33.14,33.15,300,0
2018-03-16,18:20:00,33.15,33.16,33.14,33.145,3000,0
2018-03-16,18:25:00,33.14,33.14,33.06,33.07,7402,0
2018-03-16,18:30:00,33.08,33.08,33.01,33.025,1622,0
2018-03-16,18:35:00,33.01,33.04,33.01,33.04,300,0
2018-03-16,18:40:00,33.04,33.09,33.03,33.09,4698,0
2018-03-16,18:45:00,33.09,33.17,33.09,33.1575,6195,0
2018-03-16,18:50:00,33.17,33.17,33.13,33.13,1500,0
2018-03-16,18:55:00,33.13,33.16,33.13,33.14,1000,0
2018-03-16,19:00:00,33.15,33.2,33.14,33.2,3400,0
2018-03-16,19:05:00,33.2,33.2,33.14,33.14,2800,0
2018-03-16,19:10:00,33.14,33.14,33.1,33.11,7704,0
2018-03-16,19:15:00,33.11,33.12,33.08,33.095,18667,0
2018-03-16,19:20:00,33.1,33.11,33.1,33.105,6583,0
2018-03-16,19:25:00,33.11,33.13,33.1,33.115,4531,0
2018-03-16,19:30:00,33.12,33.13,33.07,33.07,7000,0
2018-03-16,19:35:00,33.07,33.08,33.065,33.065,2262,0
2018-03-16,19:40:00,33.065,33.08,33.05,33.08,17762,0
2018-03-16,19:45:00,33.07,33.09,33.06,33.075,4000,0
2018-03-16,19:50:00,33.075,33.11,33.075,33.1,4233,0
2018-03-16,19:55:00,33.11,33.14,33.1,33.13,15476,0
2018-03-16,20:00:00,33.14,33.17,33.14,33.16,4600,0
2018-03-16,20:05:00,33.16,33.185,33.16,33.18,2608,0
2018-03-16,20:10:00,33.18,33.2,33.13,33.13,11586,0
2018-03-16,20:15:00,33.13,33.14,33.12,33.12,1400,0
2018-03-16,20:20:00,33.12,33.13,33.08,33.09,5956,0
2018-03-16,20:25:00,33.09,33.09,33.08,33.08,1500,0
2018-03-16,20:30:00,33.1,33.17,33.09,33.165,11766,0
2018-03-16,20:35:00,33.18,33.19,33.15,33.155,19594,0
2018-03-16,20:40:00,33.155,33.16,33.135,33.135,20488,0
2018-03-16,20:45:00,33.135,33.16,33.12,33.15,27107,0
2018-03-16,20:50:00,33.16,33.18,33.11,33.13,26663,0
2018-03-16,20:55:00,33.125,33.18,33.12,33.13,189433,0
2018-03-16,21:00:00,33.13,33.22,33.13,33.22,358637,0
2018-03-19,14:35:00,33.23,33.23,33,33,4099,0
2018-03-19,14:40:00,32.91,33.005,32.91,32.98,2500,0
2018-03-19,14:45:00,33.005,33.005,32.89,32.98,1900,0
2018-03-19,14:50:00,32.97,32.97,32.91,32.91,6052,0
2018-03-19,14:55:00,33.01,33.02,32.97,32.98,2911,0
2018-03-19,15:00:00,32.9952,33.02,32.98,32.98,777,0
2018-03-19,15:05:00,33,33,32.96,32.96,9100,0
2018-03-19,15:10:00,32.995,32.995,32.97,32.97,300,0
2018-03-19,15:15:00,32.98,32.98,32.96,32.96,497,0
2018-03-19,15:20:00,33,33,32.91,32.91,700,0
2018-03-19,15:25:00,32.92,32.92,32.92,32.92,100,0
2018-03-19,15:30:00,32.94,32.94,32.94,32.94,110,0
2018-03-19,15:35:00,32.94,32.98,32.94,32.965,1800,0
2018-03-19,15:40:00,32.98,32.99,32.98,32.99,200,0
2018-03-19,15:45:00,33.06,33.07,33.06,33.07,500,0
2018-03-19,15:50:00,33.09,33.09,33.074,33.08,900,0
2018-03-19,15:55:00,33.07,33.135,33.07,33.135,3873,0
2018-03-19,16:00:00,33.13,33.22,33.13,33.17,10450,0
2018-03-19,16:05:00,33.175,33.18,33.16,33.16,600,0
2018-03-19,16:10:00,33.18,33.18,33.14,33.16,1533,0
2018-03-19,16:15:00,33.15,33.17,33.15,33.17,900,0
2018-03-19,16:20:00,33.13,33.17,33.13,33.17,2937,0
2018-03-19,16:25:00,33.17,33.185,33.15,33.16,6100,0
2018-03-19,16:30:00,33.14,33.15,33.1,33.125,3549,0
2018-03-19,16:35:00,33.11,33.14,33.11,33.14,300,0
2018-03-19,16:40:00,33.14,33.15,33.14,33.15,300,0
2018-03-19,16:45:00,33.14,33.22,33.14,33.19,700,0
2018-03-19,16:50:00,33.21,33.22,33.21,33.22,410,0
2018-03-19,16:55:00,33.19,33.26,33.19,33.26,700,0
2018-03-19,17:00:00,33.195,33.195,33.195,33.195,300,0
2018-03-19,17:05:00,33.18,33.18,33.165,33.165,300,0
2018-03-19,17:10:00,33.16,33.2,33.135,33.15,4806,0
2018-03-19,17:15:00,33.16,33.165,33.1,33.11,3000,0
2018-03-19,17:20:00,33.1,33.1,33.02,33.03,2000,0
2018-03-19,17:25:00,33.02,33.05,32.98,33.01,1900,0
2018-03-19,17:30:00,33.035,33.05,33.01,33.04,900,0
2018-03-19,17:35:00,33.04,33.0525,32.98,32.99,1500,0
2018-03-19,17:40:00,32.99,33.005,32.95,32.95,983,0
2018-03-19,17:45:00,32.93,32.95,32.92,32.95,853,0
2018-03-19,17:50:00,32.955,33.04,32.955,32.99,1600,0
2018-03-19,17:55:00,33.02,33.02,32.98,32.99,360,0
2018-03-19,18:00:00,32.96,32.98,32.95,32.95,500,0
2018-03-19,18:05:00,32.95,33,32.91,32.91,2209,0
2018-03-19,18:10:00,32.93,32.97,32.92,32.93,2100,0
2018-03-19,18:15:00,32.92,32.93,32.89,32.91,1060,0
2018-03-19,18:20:00,32.89,32.965,32.87,32.96,2300,0
2018-03-19,18:25:00,32.95,32.995,32.94,32.99,5800,0
2018-03-19,18:30:00,33,33.02,33,33.02,1420,0
2018-03-19,18:35:00,33,33,32.98,32.985,621,0
2018-03-19,18:40:00,32.99,33.01,32.99,33.01,500,0
2018-03-19,18:45:00,33,33.05,33,33.05,1489,0
2018-03-19,18:50:00,33.05,33.1,33.05,33.095,2000,0
2018-03-19,18:55:00,33.0975,33.12,33.09,33.12,1432,0
2018-03-19,19:00:00,33.09,33.1,33.08,33.08,1500,0
2018-03-19,19:05:00,33.09,33.09,33.05,33.07,711,0
2018-03-19,19:10:00,33.06,33.06,33.06,33.06,100,0
2018-03-19,19:15:00,33.06,33.09,33.06,33.06,2454,0
2018-03-19,19:20:00,33.035,33.05,33.02,33.04,900,0
2018-03-19,19:25:00,33.03,33.04,32.96,32.96,1930,0
2018-03-19,19:30:00,32.95,32.95,32.89,32.91,4700,0
2018-03-19,19:35:00,32.92,32.92,32.9,32.92,659,0
2018-03-19,19:40:00,32.93,32.93,32.9,32.9,900,0
2018-03-19,19:45:00,32.91,32.95,32.9,32.95,5443,0
2018-03-19,19:50:00,32.935,32.97,32.935,32.97,3509,0
2018-03-19,19:55:00,32.945,33.01,32.945,32.95,3201,0
2018-03-19,20:00:00,32.95,32.99,32.95,32.98,1154,0
2018-03-19,20:05:00,32.98,32.98,32.97,32.98,1201,0
2018-03-19,20:10:00,32.96,32.98,32.96,32.96,1119,0
2018-03-19,20:15:00,32.95,32.97,32.95,32.95,1800,0
2018-03-19,20:20:00,32.97,32.99,32.97,32.99,2733,0
2018-03-19,20:25:00,33,33,32.93,32.95,3096,0
2018-03-19,20:30:00,32.95,33.03,32.95,33.03,1122,0
2018-03-19,20:35:00,33.03,33.09,33.03,33.09,3100,0
2018-03-19,20:40:00,33.09,33.1,33.08,33.09,2300,0
2018-03-19,20:45:00,33.08,33.1,33.07,33.1,2225,0
2018-03-19,20:50:00,33.1,33.17,33.1,33.17,6699,0
2018-03-19,20:55:00,33.17,33.21,33.17,33.2,4748,0
2018-03-19,21:00:00,33.21,33.24,33.2,33.21,76140,0
2018-03-20,14:35:00,33.24,33.58,33.24,33.46,3496,0
2018-03-20,14:40:00,33.43,33.46,33.22,33.22,1700,0
2018-03-20,14:45:00,33.2,33.23,33.19,33.2,904,0
2018-03-20,14:50:00,33.18,33.18,33.145,33.145,313,0
2018-03-20,14:55:00,33.15,33.19,33.075,33.075,4000,0
2018-03-20,15:00:00,33.1,33.12,33.015,33.05,2407,0
2018-03-20,15:05:00,33.04,33.09,33.02,33.04,2200,0
2018-03-20,15:10:00,33.09,33.13,33.09,33.1,500,0
2018-03-20,15:15:00,33.06,33.1,33.04,33.06,3000,0
2018-03-20,15:20:00,33.08,33.11,32.99,33,2600,0
2018-03-20,15:25:00,33,33,33,33,100,0
2018-03-20,15:30:00,32.975,33.02,32.97,33.02,710,0
2018-03-20,15:35:00,33.03,33.07,33.03,33.07,1200,0
2018-03-20,15:40:00,33.045,33.1,33.04,33.06,2005,0
2018-03-20,15:45:00,33.04,33.04,32.97,32.97,2500,0
2018-03-20,15:50:00,32.97,32.97,32.93,32.94,900,0
2018-03-20,15:55:00,32.92,32.92,32.88,32.9,2528,0
2018-03-20,16:00:00,32.86,32.93,32.86,32.92,3000,0
2018-03-20,16:05:00,32.925,32.98,32.925,32.94,1622,0
2018-03-20,16:10:00,32.925,32.925,32.89,32.92,700,0
2018-03-20,16:15:00,32.94,32.94,32.91,32.92,400,0
2018-03-20,16:20:00,32.93,32.96,32.91,32.91,2444,0
2018-03-20,16:25:00,32.9,32.91,32.89,32.89,400,0
2018-03-20,16:30:00,32.87,32.87,32.83,32.83,500,0
2018-03-20,16:35:00,32.82,32.86,32.8,32.86,900,0
2018-03-20,16:40:00,32.91,32.91,32.85,32.865,1406,0
2018-03-20,16:45:00,32.87,32.87,32.835,32.835,400,0
2018-03-20,16:50:00,32.83,32.835,32.81,32.835,300,0
2018-03-20,16:55:00,32.86,32.87,32.855,32.855,600,0
2018-03-20,17:00:00,32.84,32.84,32.82,32.84,1600,0
2018-03-20,17:05:00,32.825,32.825,32.79,32.79,600,0
2018-03-20,17:10:00,32.81,32.81,32.79,32.79,860,0
2018-03-20,17:15:00,32.805,32.805,32.78,32.78,1086,0
2018-03-20,17:20:00,32.79,32.81,32.785,32.79,433,0
2018-03-20,17:25:00,32.74,32.77,32.74,32.76,1100,0
2018-03-20,17:30:00,32.78,32.78,32.75,32.75,400,0
2018-03-20,17:35:00,32.75,32.75,32.75,32.75,100,0
2018-03-20,17:40:00,32.77,32.82,32.77,32.82,1075,0
2018-03-20,17:45:00,32.79,32.8,32.785,32.785,400,0
2018-03-20,17:50:00,32.8,32.82,32.795,32.81,950,0
2018-03-20,17:55:00,32.81,32.825,32.77,32.81,2150,0
2018-03-20,18:00:00,32.805,32.805,32.78,32.78,300,0
2018-03-20,18:05:00,32.8,32.82,32.8,32.82,533,0
2018-03-20,18:10:00,32.83,32.83,32.825,32.825,500,0
2018-03-20,18:15:00,32.84,32.84,32.81,32.83,854,0
2018-03-20,18:20:00,32.79,32.79,32.75,32.76,701,0
2018-03-20,18:25:00,32.775,32.775,32.77,32.77,400,0
2018-03-20,18:30:00,32.77,32.77,32.77,32.77,300,0
2018-03-20,18:35:00,32.775,32.775,32.71,32.74,1400,0
2018-03-20,18:40:00,32.745,32.745,32.745,32.745,200,0
2018-03-20,18:45:00,32.745,32.76,32.74,32.76,1224,0
2018-03-20,18:50:00,32.76,32.76,32.75,32.76,1500,0
2018-03-20,18:55:00,32.77,32.77,32.72,32.72,1600,0
2018-03-20,19:00:00,32.73,32.75,32.715,32.75,1340,0
2018-03-20,19:05:00,32.74,32.76,32.72,32.75,1100,0
2018-03-20,19:10:00,32.76,32.76,32.73,32.73,300,0
2018-03-20,19:15:00,32.74,32.74,32.72,32.72,1146,0
2018-03-20,19:20:00,32.7,32.745,32.7,32.74,1200,0
2018-03-20,19:25:00,32.74,32.76,32.73,32.75,750,0
2018-03-20,19:30:00,32.74,32.74,32.68,32.7,1738,0
2018-03-20,19:35:00,32.695,32.72,32.69,32.69,598,0
2018-03-20,19:40:00,32.69,32.71,32.675,32.71,2561,0
2018-03-20,19:45:00,32.73,32.75,32.72,32.75,800,0
2018-03-20,19:50:00,32.74,32.75,32.725,32.725,700,0
2018-03-20,19:55:00,32.74,32.79,32.72,32.79,1100,0
2018-03-20,20:00:00,32.8,32.81,32.76,32.78,1600,0
2018-03-20,20:05:00,32.81,32.83,32.81,32.83,700,0
2018-03-20,20:10:00,32.82,32.82,32.795,32.81,1400,0
2018-03-20,20:15:00,32.79,32.79,32.77,32.77,1200,0
2018-03-20,20:20:00,32.77,32.78,32.75,32.77,700,0
2018-03-20,20:25:00,32.74,32.79,32.74,32.79,1600,0
2018-03-20,20:30:00,32.795,32.835,32.78,32.83,4300,0
2018-03-20,20:35:00,32.82,32.85,32.82,32.82,1742,0
2018-03-20,20:40:00,32.82,32.82,32.78,32.79,2592,0
2018-03-20,20:45:00,32.795,32.82,32.78,32.79,2864,0
2018-03-20,20:50:00,32.81,32.84,32.81,32.84,3839,0
2018-03-20,20:55:00,32.84,32.87,32.84,32.86,3082,0
2018-03-20,21:00:00,32.865,32.89,32.86,32.89,45972,0
2018-03-21,14:35:00,32.86,32.95,32.66,32.66,3243,0
2018-03-21,14:40:00,32.66,32.84,32.66,32.8,1900,0
2018-03-21,14:50:00,32.69,32.87,32.69,32.87,2501,0
2018-03-21,14:55:00,32.9,32.9,32.8,32.8,2900,0
2018-03-21,15:00:00,32.84,32.85,32.82,32.82,600,0
2018-03-21,15:05:00,32.86,32.86,32.77,32.77,1177,0
2018-03-21,15:10:00,32.755,32.79,32.755,32.76,1957,0
2018-03-21,15:15:00,32.76,32.84,32.76,32.77,1010,0
2018-03-21,15:20:00,32.775,32.8,32.77,32.8,400,0
2018-03-21,15:25:00,32.8,32.88,32.8,32.88,650,0
2018-03-21,15:30:00,32.88,32.88,32.76,32.79,1700,0
2018-03-21,15:35:00,32.79,32.79,32.79,32.79,100,0
2018-03-21,15:40:00,32.77,32.8,32.77,32.79,500,0
2018-03-21,15:45:00,32.805,32.84,32.805,32.8356,1000,0
2018-03-21,15:50:00,32.87,32.87,32.84,32.84,1138,0
2018-03-21,15:55:00,32.79,32.81,32.79,32.81,300,0
2018-03-21,16:00:00,32.815,32.89,32.8,32.89,1100,0
2018-03-21,16:05:00,32.87,32.87,32.83,32.8504,1030,0
2018-03-21,16:10:00,32.86,32.86,32.86,32.86,100,0
2018-03-21,16:15:00,32.865,32.865,32.865,32.865,200,0
2018-03-21,16:20:00,32.85,32.86,32.82,32.86,800,0
2018-03-21,16:25:00,32.88,32.88,32.88,32.88,100,0
2018-03-21,16:30:00,32.84,32.84,32.8,32.82,600,0
2018-03-21,16:35:00,32.8219,32.8219,32.8,32.8,200,0
2018-03-21,16:40:00,32.82,32.82,32.8,32.82,500,0
2018-03-21,16:45:00,32.8,32.8,32.78,32.8,1022,0
2018-03-21,16:50:00,32.79,32.79,32.79,32.79,100,0
2018-03-21,16:55:00,32.78,32.78,32.76,32.76,500,0
2018-03-21,17:00:00,32.77,32.79,32.745,32.79,2900,0
2018-03-21,17:05:00,32.76,32.76,32.74,32.74,800,0
2018-03-21,17:10:00,32.77,32.77,32.72,32.72,800,0
2018-03-21,17:15:00,32.73,32.73,32.73,32.73,100,0
2018-03-21,17:20:00,32.7,32.74,32.7,32.725,500,0
2018-03-21,17:25:00,32.72,32.72,32.71,32.71,500,0
2018-03-21,17:30:00,32.7372,32.74,32.71,32.71,1026,0
2018-03-21,17:35:00,32.73,32.73,32.69,32.69,200,0
2018-03-21,17:40:00,32.69,32.69,32.69,32.69,100,0
2018-03-21,17:45:00,32.71,32.73,32.71,32.71,1115,0
2018-03-21,17:50:00,32.7,32.71,32.7,32.71,200,0
2018-03-21,17:55:00,32.69,32.69,32.64,32.64,1200,0
2018-03-21,18:00:00,32.65,32.65,32.64,32.6489,500,0
2018-03-21,18:05:00,32.64,32.65,32.64,32.65,1136,0
2018-03-21,18:10:00,32.65,32.67,32.65,32.66,900,0
2018-03-21,18:15:00,32.64,32.65,32.64,32.64,300,0
2018-03-21,18:20:00,32.66,32.7,32.66,32.7,600,0
2018-03-21,18:25:00,32.65,32.68,32.65,32.68,300,0
2018-03-21,18:30:00,32.64,32.64,32.64,32.64,100,0
2018-03-21,18:35:00,32.65,32.66,32.64,32.65,800,0
2018-03-21,18:40:00,32.65,32.66,32.65,32.66,200,0
2018-03-21,18:45:00,32.65,32.65,32.65,32.65,300,0
2018-03-21,18:50:00,32.62,32.65,32.62,32.6403,1124,0
2018-03-21,18:55:00,32.66,32.68,32.66,32.67,500,0
2018-03-21,19:00:00,32.7,32.75,32.7,32.72,1300,0
2018-03-21,19:05:00,32.75,32.78,32.5,32.61,16450,0
2018-03-21,19:10:00,32.72,32.72,32.54,32.6,1745,0
2018-03-21,19:15:00,32.63,32.67,32.59,32.65,1000,0
2018-03-21,19:20:00,32.69,32.7,32.64,32.67,900,0
2018-03-21,19:25:00,32.67,32.67,32.63,32.66,1818,0
2018-03-21,19:30:00,32.65,32.65,32.56,32.56,1949,0
2018-03-21,19:35:00,32.57,32.57,32.44,32.5,2047,0
2018-03-21,19:40:00,32.49,32.51,32.42,32.42,1207,0
2018-03-21,19:45:00,32.42,32.48,32.39,32.46,2053,0
2018-03-21,19:50:00,32.42,32.42,32.38,32.38,400,0
2018-03-21,19:55:00,32.41,32.415,32.36,32.39,1593,0
2018-03-21,20:00:00,32.39,32.49,32.39,32.47,2100,0
2018-03-21,20:05:00,32.485,32.5,32.45,32.46,26062,0
2018-03-21,20:10:00,32.46,32.47,32.45,32.46,12855,0
2018-03-21,20:15:00,32.47,32.56,32.44,32.5375,9300,0
2018-03-21,20:20:00,32.55,32.56,32.49,32.54,2522,0
2018-03-21,20:25:00,32.535,32.55,32.52,32.52,805,0
2018-03-21,20:30:00,32.53,32.55,32.48,32.48,3400,0
2018-03-21,20:35:00,32.45,32.5,32.45,32.5,2910,0
2018-03-21,20:40:00,32.495,32.5,32.49,32.49,4700,0
2018-03-21,20:45:00,32.48,32.5,32.45,32.48,3112,0
2018-03-21,20:50:00,32.48,32.5,32.435,32.445,14121,0
2018-03-21,20:55:00,32.445,32.45,32.43,32.45,10931,0
2018-03-21,21:00:00,32.45,32.47,32.43,32.46,55349,0
2018-03-22,14:35:00,32.39,32.39,32.39,32.39,1356,0
2018-03-22,14:40:00,32.53,32.84,32.53,32.68,2300,0
2018-03-22,14:45:00,32.61,32.73,32.61,32.73,2800,0
2018-03-22,14:50:00,32.77,32.805,32.75,32.75,905,0
2018-03-22,14:55:00,32.79,32.93,32.78,32.93,1513,0
2018-03-22,15:00:00,32.89,32.92,32.76,32.76,1900,0
2018-03-22,15:05:00,32.76,32.82,32.74,32.82,1300,0
2018-03-22,15:10:00,32.79,32.79,32.67,32.67,2800,0
2018-03-22,15:15:00,32.64,32.64,32.57,32.58,10150,0
2018-03-22,15:20:00,32.59,32.62,32.58,32.62,18433,0
2018-03-22,15:25:00,32.7,32.735,32.67,32.71,2900,0
2018-03-22,15:30:00,32.7,32.73,32.66,32.71,4750,0
2018-03-22,15:35:00,32.7,32.7,32.64,32.64,4700,0
2018-03-22,15:40:00,32.66,32.66,32.58,32.58,3200,0
2018-03-22,15:45:00,32.59,32.62,32.58,32.6,2600,0
2018-03-22,15:50:00,32.59,32.63,32.56,32.6,4200,0
2018-03-22,15:55:00,32.625,32.64,32.59,32.6,5305,0
2018-03-22,16:00:00,32.6,32.655,32.6,32.65,7809,0
2018-03-22,16:05:00,32.655,32.665,32.6,32.6,2400,0
2018-03-22,16:10:00,32.605,32.61,32.59,32.6,2100,0
2018-03-22,16:15:00,32.61,32.68,32.6,32.68,13537,0
2018-03-22,16:20:00,32.655,32.71,32.64,32.69,12595,0
2018-03-22,16:25:00,32.695,32.745,32.695,32.74,1100,0
2018-03-22,16:30:00,32.74,32.78,32.71,32.76,5900,0
2018-03-22,16:35:00,32.76,32.84,32.76,32.835,4598,0
2018-03-22,16:40:00,32.81,32.84,32.81,32.82,6100,0
2018-03-22,16:45:00,32.82,32.875,32.82,32.87,4800,0
2018-03-22,16:50:00,32.88,32.88,32.82,32.83,2000,0
2018-03-22,16:55:00,32.82,32.91,32.82,32.905,1600,0
2018-03-22,17:00:00,32.905,32.905,32.86,32.86,4138,0
2018-03-22,17:05:00,32.84,32.875,32.81,32.81,3200,0
2018-03-22,17:10:00,32.83,32.84,32.8,32.82,6934,0
2018-03-22,17:15:00,32.8,32.865,32.79,32.865,4500,0
2018-03-22,17:20:00,32.85,32.89,32.85,32.87,4540,0
2018-03-22,17:25:00,32.87,32.87,32.81,32.87,2700,0
2018-03-22,17:30:00,32.83,32.83,32.79,32.83,3600,0
2018-03-22,17:35:00,32.85,32.85,32.81,32.81,500,0
2018-03-22,17:40:00,32.82,32.82,32.78,32.785,5200,0
2018-03-22,17:45:00,32.785,32.8,32.78,32.8,5851,0
2018-03-22,17:50:00,32.805,32.815,32.79,32.79,1100,0
2018-03-22,17:55:00,32.79,32.83,32.79,32.83,2238,0
2018-03-22,18:00:00,32.8102,32.83,32.809,32.83,2035,0
2018-03-22,18:05:00,32.8,32.82,32.79,32.82,2000,0
2018-03-22,18:10:00,32.79,32.82,32.785,32.82,800,0
2018-03-22,18:15:00,32.82,32.87,32.82,32.87,500,0
2018-03-22,18:20:00,32.87,32.88,32.86,32.88,400,0
2018-03-22,18:25:00,32.87,32.9,32.865,32.87,3934,0
2018-03-22,18:30:00,32.86,32.91,32.86,32.91,700,0
2018-03-22,18:35:00,32.92,32.92,32.9,32.92,1000,0
2018-03-22,18:40:00,32.92,32.93,32.88,32.88,3959,0
2018-03-22,18:50:00,32.9099,32.91,32.89,32.91,684,0
2018-03-22,18:55:00,32.91,32.95,32.91,32.92,1059,0
2018-03-22,19:00:00,32.93,32.95,32.91,32.91,1600,0
2018-03-22,19:05:00,32.9,32.9,32.86,32.86,1300,0
2018-03-22,19:10:00,32.88,32.89,32.87,32.87,600,0
2018-03-22,19:15:00,32.85,32.85,32.8,32.8,2645,0
2018-03-22,19:20:00,32.815,32.83,32.81,32.83,900,0
2018-03-22,19:25:00,32.83,32.83,32.81,32.81,500,0
2018-03-22,19:30:00,32.81,32.8217,32.8,32.81,1107,0
2018-03-22,19:35:00,32.78,32.78,32.745,32.77,1760,0
2018-03-22,19:40:00,32.79,32.855,32.79,32.855,2100,0
2018-03-22,19:45:00,32.865,32.865,32.82,32.82,1300,0
2018-03-22,19:50:00,32.84,32.86,32.83,32.83,2200,0
2018-03-22,19:55:00,32.8,32.8,32.8,32.8,600,0
2018-03-22,20:00:00,32.79,32.79,32.77,32.77,725,0
2018-03-22,20:05:00,32.79,32.8,32.78,32.78,6500,0
2018-03-22,20:10:00,32.7825,32.8,32.73,32.75,5680,0
2018-03-22,20:15:00,32.74,32.77,32.73,32.76,4341,0
2018-03-22,20:20:00,32.7595,32.78,32.73,32.73,7597,0
2018-03-22,20:25:00,32.72,32.76,32.7075,32.74,4221,0
2018-03-22,20:30:00,32.74,32.75,32.68,32.68,5214,0
2018-03-22,20:35:00,32.66,32.67,32.64,32.64,2617,0
2018-03-22,20:40:00,32.659,32.66,32.64,32.65,4339,0
2018-03-22,20:45:00,32.65,32.66,32.63,32.63,5521,0
2018-03-22,20:50:00,32.64,32.64,32.53,32.57,9407,0
2018-03-22,20:55:00,32.55,32.57,32.51,32.51,8381,0
2018-03-22,21:00:00,32.505,32.52,32.48,32.52,47373,0
2018-03-23,14:35:00,32.6,32.6,32.6,32.6,1286,0
2018-03-23,14:40:00,32.54,32.54,32.4,32.53,1300,0
2018-03-23,14:50:00,32.45,32.465,32.44,32.44,4000,0
2018-03-23,14:55:00,32.41,32.41,32.34,32.39,1455,0
2018-03-23,15:00:00,32.39,32.45,32.39,32.44,900,0
2018-03-23,15:05:00,32.4,32.44,32.38,32.42,7006,0
2018-03-23,15:10:00,32.42,32.42,32.35,32.36,900,0
2018-03-23,15:15:00,32.35,32.39,32.35,32.36,1115,0
2018-03-23,15:20:00,32.37,32.37,32.25,32.25,2937,0
2018-03-23,15:25:00,32.24,32.3,32.22,32.26,1100,0
2018-03-23,15:30:00,32.32,32.4,32.32,32.37,1995,0
2018-03-23,15:35:00,32.36,32.38,32.33,32.34,1660,0
2018-03-23,15:40:00,32.3,32.35,32.3,32.35,400,0
2018-03-23,15:45:00,32.32,32.39,32.32,32.39,2500,0
2018-03-23,15:50:00,32.38,32.4,32.36,32.38,1255,0
2018-03-23,15:55:00,32.38,32.39,32.36,32.38,800,0
2018-03-23,16:00:00,32.39,32.43,32.38,32.39,1100,0
2018-03-23,16:05:00,32.35,32.38,32.32,32.32,2100,0
2018-03-23,16:10:00,32.355,32.37,32.33,32.33,3100,0
2018-03-23,16:15:00,32.32,32.33,32.28,32.29,4456,0
2018-03-23,16:20:00,32.325,32.325,32.28,32.29,1000,0
2018-03-23,16:25:00,32.29,32.345,32.29,32.33,3400,0
2018-03-23,16:30:00,32.33,32.35,32.3,32.31,3295,0
2018-03-23,16:35:00,32.3,32.3,32.285,32.285,500,0
2018-03-23,16:40:00,32.28,32.28,32.245,32.255,806,0
2018-03-23,16:45:00,32.27,32.31,32.27,32.31,1500,0
2018-03-23,16:50:00,32.3,32.3,32.285,32.285,500,0
2018-03-23,16:55:00,32.26,32.27,32.24,32.24,2200,0
2018-03-23,17:00:00,32.235,32.24,32.19,32.2,700,0
2018-03-23,17:05:00,32.19,32.22,32.19,32.2,700,0
2018-03-23,17:10:00,32.2,32.22,32.17,32.17,809,0
2018-03-23,17:15:00,32.16,32.16,32.09,32.13,5914,0
2018-03-23,17:20:00,32.115,32.16,32.1,32.16,1100,0
2018-03-23,17:25:00,32.15,32.21,32.15,32.21,900,0
2018-03-23,17:30:00,32.2,32.22,32.16,32.16,1400,0
2018-03-23,17:35:00,32.18,32.22,32.18,32.21,1606,0
2018-03-23,17:40:00,32.2,32.22,32.19,32.195,900,0
2018-03-23,17:45:00,32.21,32.21,32.16,32.18,1763,0
2018-03-23,17:50:00,32.18,32.2,32.1675,32.2,900,0
2018-03-23,17:55:00,32.22,32.3,32.22,32.3,1000,0
2018-03-23,18:00:00,32.3,32.3,32.24,32.24,1300,0
2018-03-23,18:05:00,32.24,32.27,32.24,32.26,1000,0
2018-03-23,18:10:00,32.26,32.27,32.23,32.23,1700,0
2018-03-23,18:15:00,32.26,32.26,32.23,32.23,200,0
2018-03-23,18:20:00,32.22,32.22,32.16,32.16,2100,0
2018-03-23,18:25:00,32.19,32.21,32.19,32.21,800,0
2018-03-23,18:30:00,32.19,32.2,32.16,32.17,1800,0
2018-03-23,18:35:00,32.17,32.18,32.14,32.18,1300,0
2018-03-23,18:40:00,32.2,32.21,32.1883,32.21,955,0
2018-03-23,18:45:00,32.21,32.21,32.15,32.15,1700,0
2018-03-23,18:50:00,32.17,32.17,32.15,32.15,2201,0
2018-03-23,18:55:00,32.15,32.17,32.13,32.17,3319,0
2018-03-23,19:00:00,32.17,32.19,32.16,32.16,1800,0
2018-03-23,19:05:00,32.18,32.18,32.13,32.15,1500,0
2018-03-23,19:10:00,32.135,32.15,32.12,32.12,2200,0
2018-03-23,19:15:00,32.12,32.12,32.09,32.095,1850,0
2018-03-23,19:20:00,32.1,32.17,32.08,32.17,3478,0
2018-03-23,19:25:00,32.18,32.18,32.14,32.14,2000,0
2018-03-23,19:30:00,32.12,32.14,32.1,32.14,1400,0
2018-03-23,19:35:00,32.15,32.175,32.15,32.15,2000,0
2018-03-23,19:40:00,32.15,32.15,32.13,32.14,2700,0
2018-03-23,19:45:00,32.11,32.14,32.11,32.13,1100,0
2018-03-23,19:50:00,32.14,32.14,32.07,32.07,2623,0
2018-03-23,19:55:00,32.07,32.07,32.02,32.05,3400,0
2018-03-23,20:00:00,32.055,32.055,31.97,31.98,3701,0
2018-03-23,20:05:00,32,32.02,31.96,31.98,1700,0
2018-03-23,20:10:00,31.97,32,31.94,31.94,3700,0
2018-03-23,20:15:00,31.94,31.95,31.88,31.89,2596,0
2018-03-23,20:20:00,31.89,31.94,31.89,31.94,2521,0
2018-03-23,20:25:00,31.96,31.97,31.88,31.89,3181,0
2018-03-23,20:30:00,31.88,31.93,31.85,31.86,3623,0
2018-03-23,20:35:00,31.85,31.86,31.81,31.82,3758,0
2018-03-23,20:40:00,31.82,31.82,31.78,31.8,2700,0
2018-03-23,20:45:00,31.81,31.865,31.81,31.83,5003,0
2018-03-23,20:50:00,31.81,31.82,31.72,31.75,9431,0
2018-03-23,20:55:00,31.75,31.75,31.69,31.72,7965,0
2018-03-23,21:00:00,31.72,31.79,31.72,31.78,64121,0
2018-03-26,15:35:00,32.03,32.065,31.93,31.93,2816,0
2018-03-26,15:40:00,31.955,31.955,31.785,31.88,4821,0
2018-03-26,15:45:00,31.995,32.03,31.91,31.91,2850,0
2018-03-26,15:50:00,31.91,31.93,31.83,31.89,2411,0
2018-03-26,15:55:00,31.9,31.9,31.81,31.82,1200,0
2018-03-26,16:00:00,31.89,31.93,31.84,31.88,1500,0
2018-03-26,16:05:00,31.95,31.95,31.82,31.85,1500,0
2018-03-26,16:10:00,31.86,31.92,31.85,31.92,2526,0
2018-03-26,16:15:00,32.05,32.05,31.99,31.99,700,0
2018-03-26,16:20:00,32,32,31.87,31.92,3598,0
2018-03-26,16:25:00,31.93,31.93,31.88,31.9,1733,0
2018-03-26,16:30:00,31.94,31.955,31.9,31.9,1855,0
2018-03-26,16:35:00,31.9,31.9,31.84,31.88,1200,0
2018-03-26,16:40:00,31.87,31.875,31.82,31.86,2190,0
2018-03-26,16:45:00,31.87,31.925,31.86,31.86,1764,0
2018-03-26,16:50:00,31.87,31.94,31.87,31.93,2104,0
2018-03-26,16:55:00,31.93,31.96,31.91,31.92,1600,0
2018-03-26,17:00:00,31.93,31.94,31.855,31.905,2200,0
2018-03-26,17:05:00,31.89,31.91,31.865,31.9,1802,0
2018-03-26,17:10:00,31.91,31.91,31.89,31.905,1435,0
2018-03-26,17:15:00,31.905,31.92,31.9,31.92,600,0
2018-03-26,17:20:00,31.92,31.94,31.9,31.91,3294,0
2018-03-26,17:25:00,31.915,32.02,31.915,32.02,5900,0
2018-03-26,17:30:00,32.01,32.03,31.97,31.97,1600,0
2018-03-26,17:35:00,31.95,31.96,31.91,31.93,1227,0
2018-03-26,17:40:00,31.91,31.92,31.85,31.85,1056,0
2018-03-26,17:45:00,31.84,31.85,31.8,31.82,600,0
2018-03-26,17:50:00,31.81,31.875,31.81,31.865,1318,0
2018-03-26,17:55:00,31.88,31.9,31.84,31.86,2157,0
2018-03-26,18:00:00,31.86,31.92,31.86,31.91,1000,0
2018-03-26,18:05:00,31.94,31.94,31.88,31.92,3100,0
2018-03-26,18:10:00,31.9,31.9,31.84,31.84,700,0
2018-03-26,18:15:00,31.85,31.86,31.8,31.8,3429,0
2018-03-26,18:20:00,31.85,31.85,31.83,31.85,25400,0
2018-03-26,18:25:00,31.87,31.88,31.87,31.88,300,0
2018-03-26,18:30:00,31.89,31.93,31.89,31.9,2100,0
2018-03-26,18:35:00,31.9,31.93,31.9,31.93,1800,0
2018-03-26,18:40:00,31.92,31.92,31.89,31.89,1400,0
2018-03-26,18:45:00,31.9,31.9,31.86,31.86,400,0
2018-03-26,18:50:00,31.865,31.88,31.85,31.86,1100,0
2018-03-26,18:55:00,31.88,31.88,31.86,31.88,900,0
2018-03-26,19:00:00,31.9,31.93,31.87,31.87,2400,0
2018-03-26,19:05:00,31.87,31.92,31.87,31.91,1306,0
2018-03-26,19:10:00,31.91,31.91,31.86,31.86,800,0
2018-03-26,19:15:00,31.855,31.9,31.845,31.9,1550,0
2018-03-26,19:20:00,31.9,31.92,31.9,31.91,900,0
2018-03-26,19:25:00,31.9,31.92,31.89,31.9,1200,0
2018-03-26,19:30:00,31.91,31.91,31.88,31.9,1100,0
2018-03-26,19:35:00,31.9,31.91,31.87,31.87,2100,0
2018-03-26,19:40:00,31.865,31.93,31.865,31.915,2600,0
2018-03-26,19:45:00,31.92,31.92,31.88,31.9,2700,0
2018-03-26,19:50:00,31.9,31.94,31.9,31.93,3431,0
2018-03-26,19:55:00,31.935,31.95,31.91,31.915,7095,0
2018-03-26,20:00:00,31.92,31.93,31.915,31.93,1500,0
2018-03-26,20:05:00,31.93,32,31.92,32,32078,0
2018-03-26,20:10:00,32,32.01,31.99,31.99,6250,0
2018-03-26,20:15:00,32,32.03,32,32.03,4300,0
2018-03-26,20:20:00,32.05,32.07,32.03,32.06,4350,0
2018-03-26,20:25:00,32.065,32.07,32.04,32.04,1400,0
2018-03-26,20:30:00,32.05,32.07,32.05,32.05,2700,0
2018-03-26,20:35:00,32.07,32.07,32.05,32.065,6252,0
2018-03-26,20:40:00,32.06,32.07,32.03,32.035,1500,0
2018-03-26,20:45:00,32.02,32.02,31.99,31.99,2800,0
2018-03-26,20:50:00,32,32.01,31.98,32,3898,0
2018-03-26,20:55:00,32,32.02,31.99,32,3000,0
2018-03-26,21:00:00,32.01,32.03,32.01,32.01,1216,0
2018-03-26,21:05:00,32.02,32.04,32.02,32.04,1400,0
2018-03-26,21:10:00,32.03,32.03,32.01,32.015,3300,0
2018-03-26,21:15:00,32.01,32.03,32,32.01,8408,0
2018-03-26,21:20:00,32,32.03,31.99,32.02,5042,0
2018-03-26,21:25:00,32.03,32.04,32.02,32.03,5078,0
2018-03-26,21:30:00,32.01,32.08,32.01,32.08,4507,0
2018-03-26,21:35:00,32.07,32.13,32.04,32.11,4457,0
2018-03-26,21:40:00,32.12,32.14,32.115,32.14,5077,0
2018-03-26,21:45:00,32.14,32.21,32.14,32.21,3730,0
2018-03-26,21:50:00,32.22,32.26,32.2075,32.26,6638,0
2018-03-26,21:55:00,32.26,32.27,32.23,32.26,5800,0
2018-03-26,22:00:00,32.25,32.25,32.18,32.22,99240,0
2018-03-27,15:35:00,32.74,32.74,32.0801,32.0801,20550,0
2018-03-27,15:40:00,32.065,32.305,31.98,32.18,12390,0
2018-03-27,15:45:00,32.21,32.31,32.12,32.31,4700,0
2018-03-27,15:50:00,32.225,32.225,32.1,32.18,7510,0
2018-03-27,15:55:00,32.11,32.12,32.06,32.1,3125,0
2018-03-27,16:00:00,32.08,32.2,32.08,32.17,29320,0
2018-03-27,16:05:00,32.2,32.34,32.19,32.24,6600,0
2018-03-27,16:10:00,32.25,32.33,32.24,32.33,15174,0
2018-03-27,16:15:00,32.34,32.37,32.29,32.325,2700,0
2018-03-27,16:20:00,32.33,32.37,32.33,32.36,946,0
2018-03-27,16:25:00,32.335,32.36,32.31,32.36,1600,0
2018-03-27,16:30:00,32.321,32.39,32.32,32.39,1618,0
2018-03-27,16:35:00,32.36,32.36,32.31,32.36,1627,0
2018-03-27,16:40:00,32.38,32.38,32.275,32.29,1400,0
2018-03-27,16:50:00,32.27,32.33,32.27,32.33,700,0
2018-03-27,16:55:00,32.36,32.36,32.34,32.34,600,0
2018-03-27,17:00:00,32.39,32.41,32.36,32.36,1420,0
2018-03-27,17:05:00,32.35,32.47,32.35,32.425,1583,0
2018-03-27,17:10:00,32.4,32.45,32.39,32.44,1200,0
2018-03-27,17:15:00,32.45,32.48,32.42,32.48,1104,0
2018-03-27,17:20:00,32.46,32.53,32.44,32.5,94876,0
2018-03-27,17:25:00,32.53,32.57,32.49,32.57,16614,0
2018-03-27,17:30:00,32.6,32.72,32.6,32.69,5215,0
2018-03-27,17:35:00,32.71,32.75,32.7,32.7,7072,0
2018-03-27,17:40:00,32.7,32.71,32.68,32.71,1800,0
2018-03-27,17:45:00,32.71,32.71,32.67,32.69,5161,0
2018-03-27,17:50:00,32.68,32.69,32.66,32.69,1402,0
2018-03-27,17:55:00,32.7,32.75,32.69,32.75,3600,0
2018-03-27,18:00:00,32.76,32.825,32.755,32.825,1703,0
2018-03-27,18:05:00,32.82,32.825,32.795,32.8,1900,0
2018-03-27,18:10:00,32.815,32.88,32.81,32.87,2018,0
2018-03-27,18:15:00,32.845,32.87,32.84,32.85,1600,0
2018-03-27,18:20:00,32.85,32.85,32.83,32.83,500,0
2018-03-27,18:25:00,32.86,32.88,32.86,32.87,1700,0
2018-03-27,18:30:00,32.86,32.88,32.84,32.88,1382,0
2018-03-27,18:35:00,32.9,32.92,32.83,32.83,7954,0
2018-03-27,18:40:00,32.83,32.855,32.83,32.84,500,0
2018-03-27,18:45:00,32.84,32.92,32.84,32.89,1571,0
2018-03-27,18:50:00,32.9,32.9,32.89,32.89,600,0
2018-03-27,18:55:00,32.9,32.92,32.89,32.92,900,0
2018-03-27,19:00:00,32.92,32.96,32.92,32.92,1500,0
2018-03-27,19:05:00,32.959,32.959,32.91,32.91,1200,0
2018-03-27,19:10:00,32.91,32.945,32.91,32.94,6400,0
2018-03-27,19:15:00,32.96,33.06,32.96,33.03,2500,0
2018-03-27,19:20:00,33.045,33.055,33.03,33.04,808,0
2018-03-27,19:25:00,33.02,33.02,32.99,32.99,1005,0
2018-03-27,19:30:00,32.97,33,32.97,33,485,0
2018-03-27,19:35:00,32.985,32.985,32.92,32.975,3295,0
2018-03-27,19:40:00,32.99,33,32.96,32.975,5565,0
2018-03-27,19:45:00,32.97,32.995,32.95,32.96,8334,0
2018-03-27,19:50:00,32.97,32.97,32.91,32.94,4703,0
2018-03-27,19:55:00,32.92,32.99,32.92,32.95,3922,0
2018-03-27,20:00:00,32.96,33,32.95,33,4515,0
2018-03-27,20:05:00,33.04,33.07,33.04,33.07,900,0
2018-03-27,20:10:00,33.07,33.135,33.07,33.08,1994,0
2018-03-27,20:15:00,33.1,33.19,33.1,33.17,1216,0
2018-03-27,20:20:00,33.15,33.15,33.09,33.12,1783,0
2018-03-27,20:25:00,33.12,33.15,33.09,33.15,2944,0
2018-03-27,20:30:00,33.16,33.16,33.12,33.15,1919,0
2018-03-27,20:35:00,33.14,33.16,33.14,33.14,2719,0
2018-03-27,20:40:00,33.145,33.19,33.13,33.18,1700,0
2018-03-27,20:45:00,33.17,33.2,33.165,33.18,1968,0
2018-03-27,20:50:00,33.17,33.17,33.11,33.11,1447,0
2018-03-27,20:55:00,33.11,33.145,33.1,33.145,2950,0
2018-03-27,21:00:00,33.14,33.14,33.08,33.09,4367,0
2018-03-27,21:05:00,33.07,33.09,33,33.02,5149,0
2018-03-27,21:10:00,33,33.01,32.97,33.01,1925,0
2018-03-27,21:15:00,33.015,33.015,32.95,32.97,3047,0
2018-03-27,21:20:00,32.98,33.02,32.95,32.97,2040,0
2018-03-27,21:25:00,32.96,33.02,32.94,33.01,8100,0
2018-03-27,21:30:00,33.03,33.03,32.91,32.91,3224,0
2018-03-27,21:35:00,32.91,32.91,32.8,32.85,5350,0
2018-03-27,21:40:00,32.85,32.9185,32.82,32.84,7257,0
2018-03-27,21:45:00,32.84,32.84,32.72,32.72,8403,0
2018-03-27,21:50:00,32.71,32.74,32.66,32.7,8900,0
2018-03-27,21:55:00,32.7,32.81,32.69,32.71,12518,0
2018-03-27,22:00:00,32.725,32.77,32.68,32.75,125349,0
2018-03-28,15:35:00,32.91,33.38,32.91,33.379,4370,0
2018-03-28,15:40:00,33.05,33.29,33.03,33.29,2300,0
2018-03-28,15:45:00,33.185,33.44,33.185,33.44,1700,0
2018-03-28,15:50:00,33.42,33.42,33.25,33.26,6453,0
2018-03-28,15:55:00,33.28,33.28,33.2,33.23,2400,0
2018-03-28,16:00:00,33.25,33.31,33.235,33.3,3750,0
2018-03-28,16:05:00,33.32,33.4,33.31,33.37,5500,0
2018-03-28,16:10:00,33.38,33.49,33.37,33.47,4400,0
2018-03-28,16:15:00,33.455,33.55,33.4525,33.53,2600,0
2018-03-28,16:20:00,33.52,33.544,33.51,33.53,2836,0
2018-03-28,16:25:00,33.52,33.63,33.52,33.63,1600,0
2018-03-28,16:30:00,33.62,33.69,33.61,33.6875,3880,0
2018-03-28,16:35:00,33.71,33.78,33.7,33.71,7005,0
2018-03-28,16:40:00,33.7,33.81,33.7,33.81,15221,0
2018-03-28,16:45:00,33.87,33.88,33.82,33.84,1659,0
2018-03-28,16:50:00,33.84,33.93,33.82,33.92,2245,0
2018-03-28,16:55:00,33.93,34,33.93,34,1210,0
2018-03-28,17:00:00,34.005,34.005,33.96,33.96,5135,0
2018-03-28,17:05:00,33.97,33.99,33.9,33.93,4874,0
2018-03-28,17:10:00,33.95,33.97,33.925,33.97,2063,0
2018-03-28,17:15:00,33.955,33.955,33.89,33.95,3600,0
2018-03-28,17:20:00,33.97,33.98,33.88,33.905,7981,0
2018-03-28,17:25:00,33.89,33.93,33.88,33.93,1603,0
2018-03-28,17:30:00,33.96,34.01,33.96,34.01,2100,0
2018-03-28,17:35:00,34.01,34.01,33.92,33.96,3700,0
2018-03-28,17:40:00,33.97,33.97,33.88,33.92,1800,0
2018-03-28,17:45:00,33.9,33.94,33.88,33.88,14100,0
2018-03-28,17:50:00,33.89,33.97,33.88,33.97,1700,0
2018-03-28,17:55:00,33.98,34.01,33.97,34,3992,0
2018-03-28,18:00:00,34.05,34.08,33.97,33.97,2400,0
2018-03-28,18:05:00,33.94,33.98,33.93,33.96,1400,0
2018-03-28,18:10:00,33.94,33.96,33.92,33.96,700,0
2018-03-28,18:15:00,33.95,33.98,33.915,33.93,2100,0
2018-03-28,18:20:00,33.95,33.98,33.92,33.96,2761,0
2018-03-28,18:25:00,33.97,33.98,33.94,33.94,1500,0
2018-03-28,18:30:00,33.95,34.02,33.95,34.02,1304,0
2018-03-28,18:35:00,34.03,34.0504,34.02,34.0504,1258,0
2018-03-28,18:40:00,34.06,34.07,34.04,34.06,1811,0
2018-03-28,18:45:00,34.05,34.11,34.05,34.11,1100,0
2018-03-28,18:50:00,34.14,34.2,34.14,34.18,2732,0
2018-03-28,18:55:00,34.22,34.22,34.14,34.14,969,0
2018-03-28,19:00:00,34.16,34.2,34.16,34.17,900,0
2018-03-28,19:05:00,34.16,34.16,34.09,34.13,2358,0
2018-03-28,19:10:00,34.12,34.12,34.1,34.1,400,0
2018-03-28,19:15:00,34.13,34.13,34.11,34.11,1350,0
2018-03-28,19:20:00,34.1,34.15,34.1,34.15,977,0
2018-03-28,19:25:00,34.15,34.15,34.1,34.1,900,0
2018-03-28,19:30:00,34.12,34.19,34.08,34.19,800,0
2018-03-28,19:35:00,34.19,34.23,34.18,34.23,3250,0
2018-03-28,19:40:00,34.23,34.23,34.17,34.18,2417,0
2018-03-28,19:45:00,34.17,34.17,34.15,34.15,1500,0
2018-03-28,19:50:00,34.18,34.23,34.18,34.2,2000,0
2018-03-28,19:55:00,34.21,34.23,34.2,34.2,1785,0
2018-03-28,20:00:00,34.18,34.1861,34.12,34.13,3485,0
2018-03-28,20:05:00,34.14,34.14,34.1,34.11,600,0
2018-03-28,20:10:00,34.13,34.17,34.13,34.17,927,0
2018-03-28,20:15:00,34.175,34.175,34.17,34.17,500,0
2018-03-28,20:20:00,34.15,34.16,34.14,34.16,1719,0
2018-03-28,20:25:00,34.16,34.16,34.14,34.15,1800,0
2018-03-28,20:30:00,34.15,34.17,34.12,34.12,1000,0
2018-03-28,20:35:00,34.14,34.15,34.13,34.14,4920,0
2018-03-28,20:40:00,34.13,34.16,34.13,34.16,600,0
2018-03-28,20:45:00,34.2,34.2,34.16,34.17,1217,0
2018-03-28,20:50:00,34.16,34.18,34.16,34.18,3799,0
2018-03-28,20:55:00,34.19,34.2,34.17,34.17,2600,0
2018-03-28,21:00:00,34.14,34.15,34.12,34.12,1133,0
2018-03-28,21:05:00,34.13,34.13,34.1,34.1,900,0
2018-03-28,21:10:00,34.05,34.07,34.05,34.07,7344,0
2018-03-28,21:15:00,34.075,34.09,34.07,34.08,7486,0
2018-03-28,21:20:00,34.07,34.08,34.06,34.08,1000,0
2018-03-28,21:25:00,34.07,34.1,34.04,34.1,3740,0
2018-03-28,21:30:00,34.095,34.11,34.095,34.11,1820,0
2018-03-28,21:35:00,34.15,34.15,34.03,34.03,5343,0
2018-03-28,21:40:00,34.02,34.075,34.01,34.075,3100,0
2018-03-28,21:45:00,34.075,34.09,34.06,34.09,3600,0
2018-03-28,21:50:00,34.09,34.12,34.085,34.09,20317,0
2018-03-28,21:55:00,34.09,34.1,34.06,34.07,8829,0
2018-03-28,22:00:00,34.08,34.09,34.03,34.09,111746,0
2018-03-29,15:35:00,34.07,34.07,33.66,33.94,5284,0
2018-03-29,15:40:00,33.905,33.96,33.715,33.835,3478,0
2018-03-29,15:45:00,33.825,33.92,33.825,33.88,6737,0
2018-03-29,15:50:00,33.79,33.85,33.79,33.85,3446,0
2018-03-29,15:55:00,33.84,33.85,33.77,33.8,4305,0
2018-03-29,16:00:00,33.78,33.93,33.78,33.85,10359,0
2018-03-29,16:05:00,33.81,33.82,33.66,33.76,5900,0
2018-03-29,16:10:00,33.765,33.77,33.68,33.75,9626,0
2018-03-29,16:15:00,33.74,33.75,33.68,33.69,7451,0
2018-03-29,16:20:00,33.7013,33.71,33.62,33.64,6818,0
2018-03-29,16:25:00,33.66,33.7,33.62,33.66,5300,0
2018-03-29,16:30:00,33.66,33.69,33.59,33.61,8100,0
2018-03-29,16:35:00,33.61,33.61,33.53,33.57,6800,0
2018-03-29,16:40:00,33.53,33.53,33.47,33.51,2400,0
2018-03-29,16:45:00,33.5163,33.52,33.48,33.49,6275,0
2018-03-29,16:50:00,33.45,33.45,33.41,33.43,5550,0
2018-03-29,16:55:00,33.44,33.46,33.44,33.45,5700,0
2018-03-29,17:00:00,33.43,33.47,33.425,33.47,2600,0
2018-03-29,17:05:00,33.455,33.51,33.455,33.51,3300,0
2018-03-29,17:10:00,33.53,33.55,33.52,33.55,1400,0
2018-03-29,17:15:00,33.57,33.63,33.55,33.56,7001,0
2018-03-29,17:20:00,33.53,33.53,33.47,33.5,6860,0
2018-03-29,17:25:00,33.5,33.53,33.5,33.53,3700,0
2018-03-29,17:30:00,33.5,33.51,33.5,33.51,9274,0
2018-03-29,17:35:00,33.49,33.585,33.49,33.585,2404,0
2018-03-29,17:40:00,33.55,33.57,33.55,33.57,700,0
2018-03-29,17:45:00,33.575,33.6,33.54,33.6,5000,0
2018-03-29,17:50:00,33.6,33.62,33.58,33.58,3250,0
2018-03-29,17:55:00,33.59,33.62,33.59,33.62,2513,0
2018-03-29,18:00:00,33.61,33.64,33.6,33.62,2685,0
2018-03-29,18:05:00,33.63,33.63,33.55,33.55,700,0
2018-03-29,18:10:00,33.57,33.6,33.56,33.56,2000,0
2018-03-29,18:15:00,33.56,33.59,33.56,33.57,1594,0
2018-03-29,18:20:00,33.58,33.615,33.58,33.59,2400,0
2018-03-29,18:25:00,33.57,33.61,33.57,33.61,1200,0
2018-03-29,18:30:00,33.61,33.61,33.59,33.59,1195,0
2018-03-29,18:35:00,33.6,33.6,33.55,33.57,2925,0
2018-03-29,18:40:00,33.57,33.62,33.55,33.62,6649,0
2018-03-29,18:45:00,33.64,33.67,33.64,33.67,1000,0
2018-03-29,18:50:00,33.66,33.66,33.63,33.63,1900,0
2018-03-29,18:55:00,33.63,33.63,33.59,33.61,3400,0
2018-03-29,19:00:00,33.6,33.64,33.6,33.61,1700,0
2018-03-29,19:05:00,33.63,33.64,33.62,33.64,1700,0
2018-03-29,19:10:00,33.63,33.63,33.6,33.61,3237,0
2018-03-29,19:15:00,33.61,33.67,33.605,33.67,6210,0
2018-03-29,19:20:00,33.66,33.73,33.66,33.73,2800,0
2018-03-29,19:25:00,33.71,33.77,33.71,33.77,1700,0
2018-03-29,19:30:00,33.77,33.77,33.69,33.69,3588,0
2018-03-29,19:35:00,33.69,33.69,33.61,33.625,3449,0
2018-03-29,19:40:00,33.635,33.65,33.6,33.6,3850,0
2018-03-29,19:45:00,33.61,33.61,33.6,33.61,4721,0
2018-03-29,19:50:00,33.61,33.62,33.59,33.59,2711,0
2018-03-29,19:55:00,33.6,33.625,33.6,33.61,2751,0
2018-03-29,20:00:00,33.6,33.6,33.53,33.54,21232,0
2018-03-29,20:05:00,33.525,33.615,33.525,33.6,6900,0
2018-03-29,20:10:00,33.6,33.66,33.6,33.645,3282,0
2018-03-29,20:15:00,33.66,33.71,33.65,33.65,32951,0
2018-03-29,20:20:00,33.63,33.64,33.62,33.63,600,0
2018-03-29,20:25:00,33.64,33.64,33.6,33.6,5950,0
2018-03-29,20:30:00,33.6,33.61,33.595,33.6,2100,0
2018-03-29,20:35:00,33.61,33.63,33.6,33.6,6618,0
2018-03-29,20:40:00,33.6,33.61,33.59,33.6,4520,0
2018-03-29,20:45:00,33.61,33.64,33.61,33.64,2906,0
2018-03-29,20:50:00,33.62,33.62,33.54,33.55,3425,0
2018-03-29,20:55:00,33.54,33.55,33.48,33.48,4845,0
2018-03-29,21:00:00,33.49,33.49,33.41,33.44,6487,0
2018-03-29,21:05:00,33.42,33.45,33.41,33.44,7472,0
2018-03-29,21:10:00,33.44,33.44,33.37,33.37,2190,0
2018-03-29,21:15:00,33.37,33.38,33.31,33.31,8728,0
2018-03-29,21:20:00,33.305,33.305,33.22,33.22,4268,0
2018-03-29,21:25:00,33.215,33.28,33.21,33.28,4050,0
2018-03-29,21:30:00,33.275,33.305,33.26,33.29,7224,0
2018-03-29,21:35:00,33.29,33.29,33.18,33.21,8577,0
2018-03-29,21:40:00,33.2,33.27,33.16,33.27,7748,0
2018-03-29,21:45:00,33.27,33.275,33.23,33.26,5646,0
2018-03-29,21:50:00,33.27,33.41,33.27,33.41,14750,0
2018-03-29,21:55:00,33.41,33.5,33.4,33.5,25203,0
2018-03-29,22:00:00,33.48,33.49,33.41,33.41,198700,0
